60 1  269429  1133941
61 1  498344  2077809
62 1 1037540  4652952
63 1 1666875  7475027
64 1 1374436  6155554
65 1 2339423 10417493
66 1 1541723  7128922
67 1  987324  4327365
68 1  546995  2138617
69 1  400245  1472449
70 1  374933  1425589
71 1   78698   298804
72 1  128120   471667
73 1  202178   747970
74 1  512047  1850723
74 1  570947  2116299
75 1  890044  3514268
76 1  752044  3124386
77 1  289806  1366645
78 1  187344   829825
79 1  281873  1060251
80 1  569820  2105864
81 1 1058293  4333037
82 1  498596  2140637
60 2  658120  3359198
61 2  869707  3962256
62 2 1267138  5505089
63 2 1362566  5577364
64 2 2755000  9871905
65 2 6995585 26146678
66 2 4645057 17787822
67 2 1080565  3804294
68 2  652627  2145577
69 2  430846  1429986
70 2  606948  1912403
71 2  656082  2056224
72 2  871238  2994161
73 2 1009625  3581818
74 2  987245  3705465
74 2 1008710  3798448
75 2  631474  2276559
76 2  578995  2048716
77 2  446728  1588106
78 2  245440   912438
79 2  237778   762023
80 2  506338  1640473
81 2  889710  2981719
82 2  237050   868999
60 3  837216  3544888
61 3 1148059  4245011
62 3 1393632  4994384
63 3  712034  2542610
64 3  449851  1569978
65 3 1504577  5459545
66 3 1919636  7059207
67 3 2596691  9580724
68 3  807360  2771067
69 3  410620  1432094
70 3  284104   906435
71 3  736298  2346940
72 3  906794  3104432
73 3  543451  1856433
74 3 1031040  3623251
74 3 1168052  4220223
75 3 1230413  4309872
76 3  708522  2439115
77 3  787772  2902378
78 3  948069  3395074
79 3 1335543  4368531
80 3 1448006  4628019
81 3  867673  2932110
82 3  148834   906479
60 4  351610  1516849
61 4  665444  2852291
62 4  447833  1914781
63 4  417513  1512810
64 4  344022  1270448
65 4  222124   809528
66 4  369883  1507269
67 4  482741  1995545
68 4  341968  1205339
69 4  364470  1199564
70 4  295333  1075225
71 4   68079   238175
72 4  122168   451320
73 4   92425   344286
74 4  157551   529867
74 4  169047   579674
75 4  255478   813495
76 4  139315   540525
77 4   66141   268038
78 4   83138   315688
79 4  124200   435689
80 4  263035   901008
81 4  219998   747138
82 4  123168   426524
