70 12 5.5
71  3 2.01
71  7 4.19
71  9 5.53
71 10 8.3
72  4 1.86
72  6 3.73
72 10 6.37
73  9 6.64
73 10 6.74
73 12 5.95
74  3 2.71
74  6 4.36
74  7 5.04
74 11 8.29
75  1 4.97
75  2 3.89
75  3 3.52
75  4 3.32
75  5 4.77
75  6 3.92
75  9 6.04
75 11 7.63
76  3 2.87
76  4 3.38
76  6 4.79
76  7 5.1
76  9 6.82
76 11 8.58
76 12 8.01
77  3 5.7
77  8 6.18
77 11 8.52
78  2 4.52
78  5 5.13
78  7 6.14
78  9 6.8
79  2 4.26
79  4 4.03
79  5 4.08
79  7 5.58
79  9 5.78
80  6 5.24
80 11 8.69
81  7 6.39
81 11 8.66
82  4 4.07
82  5 4.04
82  6 4.34
82  7 5.53
82 11 7.23
82 12 6.23
83  2 5.14
83  4 4.93
83  6 5.99
83  9 7.18
83 10 9.1
84  5 5.79
84  6 6.09
84  8 6.24
84 10 8.84
84 11 9.11
85  3 4.77
85 10 6.39
86  3 4.71
86  5 4.2
86 11 7.63
86 12 7.26
