73  34    0    0    3
73  41    0    0    1
73  43    1    0    0
73  45    1    0    0
73  51    0    0    1
73  57    0    0    1
73  68    0    0    2
73  70    0    0    2
73  71    0    0    1
73  73    0    0    3
73  74    3    0    0
73  75    5    0    0
73  76    0    0    6
73  77    2    0    3
73  78    0    0   22
73  79    6    0   14
73  80    1    0   22
73  81    8    0   22
73  82    7    0   18
73  83   10    0   17
73  84    6    0   32
73  85   18    0   29
73  86    9    0   35
73  87   15    5   40
73  88   35    0   61
73  89   30    0  107
73  90   31    1  129
73  91   28    9  145
73  92   43   19  105
73  93   76   20  136
73  94   72   46  282
73  95   74   55  287
73  96   74   70  257
73  97  105   77  299
73  98   90   91  400
73  99   80  126  382
73 100  129  136  554
73 101   85  185  405
73 102  102  245  454
73 103   91  257  472
73 104  116  215  518
73 105  100  418  597
73 106   75  368  421
73 107   73  396  502
73 108   70  504  517
73 109   39  556  460
73 110   35  649  611
73 111   37  580  416
73 112   28  706  423
73 113   20  787  551
73 114   22  667  476
73 115   18  759  609
73 116   17  561  455
73 117    4  532  486
73 118    5  577  656
73 119    5  530  625
73 120    2  510  782
73 121    1  365  526
73 122    0  379  684
73 123    0  430  568
73 124    0  370  626
73 125    0  322  744
73 126    0  298  501
73 127    0  275  610
73 128    0  342  664
73 129    0  248  607
73 130    0  311  740
73 131    0  240  613
73 132    0  301  669
73 133    0  234  468
73 134    0  203  524
73 135    0  208  574
73 136    0  151  434
73 137    0  145  461
73 138    0  148  572
73 139    0  144  479
73 140    0  169  573
73 141    1  162  403
73 142    0  153  489
73 143    0  116  449
73 144    0   95  426
73 145    0  107  571
73 146    0  112  446
73 147    0   85  406
73 148    0   99  582
73 149    0   70  506
73 150    0  116  572
73 151    0   99  429
73 152    0   89  537
73 153    0   96  511
73 154    0   72  571
73 155    0   63  718
73 156    0   68  539
73 157    0   59  545
73 158    0   49  738
73 159    0   52  611
73 160    0   47  824
73 161    0   49  543
73 162    0   64  670
73 163    0   46  651
73 164    0   33  715
73 165    0   49  710
73 166    0   42  542
73 167    0   47  476
73 168    0   53  675
73 169    0   31  536
73 170    0   44  554
73 171    0   15  380
73 172    0   33  419
73 173    0   29  352
73 174    0   33  365
73 175    0   14  375
73 176    0   11  245
73 177    0   16  154
73 178    0    9  180
73 179    0    6  161
73 180    0    3  122
73 181    0    2   90
73 182    0    2   95
73 183    0    4   64
73 184    0    1   45
73 185    0    1   58
73 186    0    0   22
73 187    0    3   20
73 188    0    1    8
73 189    0    0   14
73 190    0    0   10
73 191    0    0    7
73 192    0    0    1
73 193    0    0    5
73 194    0    0    4
73 195    0    0    2
73 196    0    0    2
73 197    0    0    4
73 199    0    0    3
73 201    0    0    1
74  58    0    0    1
74  59    1    0    0
74  60    0    0    3
74  61    0    0    1
74  62    2    0    2
74  63    1    0    1
74  64    4    0    1
74  65    3    0    3
74  66    3    0    3
74  67    2    0    2
74  68   11    0    9
74  69    3    0   10
74  70   14    0   11
74  71   18    0   15
74  72    8    0   22
74  73    7    0    6
74  74   11    0    9
74  75   10    0   16
74  76    8    0    8
74  77    3    0    3
74  78    7    0    5
74  79    2    0    4
74  80    1    0   11
74  81    2    0    5
74  82    1    0    1
74  83    2    0    0
74  84    3    0    7
74  85    3    0   10
74  86    3    0    6
74  87    1    0    1
74  88    9    0    2
74  89   11    0    9
74  90   16    2   28
74  91    6    1   25
74  92   15    0   12
74  93   15    9   14
74  94   28   18   62
74  95   32   32   43
74  96   54   55   13
74  97   44   34   84
74  98   53   90   63
74  99   53  194  119
74 100   75  299  167
74 101   65  256  125
74 102   72  536  202
74 103   65  495  204
74 104   55  588  349
74 105   38  969  471
74 106   35  708  369
74 107   40  699  372
74 108   19  970  413
74 109   24  902  510
74 110   23 1109  734
74 111   16 1080  572
74 112   12 1158  662
74 113    9  945  621
74 114    9 1347  766
74 115   15 1521 1112
74 116    6 1398  858
74 117    0 1208  754
74 118    4 1345  829
74 119    1 1372  843
74 120    0 1548 1510
74 121    1 1025  763
74 122    1 1778 1264
74 123    0  991  697
74 124    0 1104  848
74 125    1 1305 1262
74 126    0 1105  916
74 127    0  886  687
74 128    0 1013  907
74 129    0  775  875
74 130    0 1030 1340
74 131    0  825  676
74 132    0  940 1032
74 133    0  690  884
74 134    0  682  980
74 135    0  623 1296
74 136    0  511 1065
74 137    0  350  801
74 138    0  408 1098
74 139    0  308 1017
74 140    0  367 1453
74 141    0  194  909
74 142    0  306 1377
74 143    0  225  915
74 144    0  171 1004
74 145    0  284 1316
74 146    0  191 1168
74 147    0  147  930
74 148    0  156 1075
74 149    0  125 1118
74 150    0  175 1488
74 151    0  107  822
74 152    0  109 1314
74 153    0  115  963
74 154    0  111  889
74 155    0  115 1357
74 156    0   89  919
74 157    0  119  918
74 158    0  106  953
74 159    0   74  990
74 160    0  107 1439
74 161    0  109  703
74 162    0  153 1145
74 163    0   98  849
74 164    0  115  861
74 165    0  120 1100
74 166    0   93  752
74 167    0   57  683
74 168    0  100  870
74 169    0   62  787
74 170    0   97 1056
74 171    0   63  588
74 172    0   51  854
74 173    0   36  635
74 174    0   36  496
74 175    0   60  697
74 176    0   29  461
74 177    0   23  355
74 178    0   28  511
74 179    0   12  328
74 180    0   14  390
74 181    0    6  201
74 182    0   10  224
74 183    0    4  193
74 184    0   10  135
74 185    0    1  129
74 186    0    3   88
74 187    0    0   57
74 188    0    1   67
74 189    0    1   47
74 190    0    1   32
74 191    0    0   24
74 192    0    4   27
74 193    0    3   10
74 194    0    1   20
74 195    0    0   11
74 196    0    1    9
74 197    0    0    9
74 198    0    0    1
74 199    0    0    5
74 200    0    0    2
74 201    0    0    2
74 206    0    0    1
74 210    0    0    1
75  54    0    0    3
75  59    2    0    0
75  60    0    0    3
75  61    5    0    7
75  62    9    0    0
75  63   11    0   17
75  64   14    0   31
75  65   24    0   23
75  66   14    0    9
75  67   16    0   36
75  68   28    0   78
75  69   61    0   32
75  70   71    0   60
75  71   41    0   56
75  72   53    0   61
75  73   81    0  100
75  74   52    0   67
75  75   48    0   95
75  76   55    0   77
75  77   75    0   82
75  78   68    0   95
75  79   62    0  101
75  80   65    0  120
75  81   97    0  126
75  82  129    0  102
75  83  102    0  143
75  84  133    0  111
75  85  101    0  141
75  86  169    0  124
75  87  110    0   93
75  88   90    0  141
75  89   77    1   79
75  90  103    0  102
75  91   41    2   64
75  92   65    0   84
75  93   60    3   90
75  94   37    2   59
75  95   28    1   46
75  96   49    2   35
75  97   31    2   36
75  98   22    3   50
75  99   10    6    9
75 100   14   14   23
75 101    6   14   35
75 102    9   14   17
75 103    7   14   24
75 104    5   47   23
75 105    0   47   20
75 106    6   55   22
75 107    2   77   40
75 108    2   67   28
75 109    6   93   40
75 110    0   58   38
75 111    1  169   46
75 112    2  205   34
75 113    3  216   51
75 114    2  196   61
75 115    1  270   71
75 116    4  283  120
75 117    2  249  103
75 118    2  316  109
75 119    1  295  148
75 120    1  356  239
75 121    0  298  204
75 122    0  392  302
75 123    0  467  304
75 124    0  324  408
75 125    0  434  354
75 126    0  477  421
75 127    0  405  353
75 128    0  555  499
75 129    0  464  434
75 130    0  452  485
75 131    0  411  405
75 132    0  525  600
75 133    0  396  544
75 134    0  506  658
75 135    0  373  625
75 136    0  372  670
75 137    0  293  458
75 138    0  396  740
75 139    0  299  605
75 140    0  287  703
75 141    0  185  486
75 142    0  231  654
75 143    0  185  709
75 144    0  139  789
75 145    0  113  720
75 146    0  101  663
75 147    0   85  676
75 148    0   65  650
75 149    0   56  738
75 150    0   63  961
75 151    0   24  656
75 152    0   36  800
75 153    0   54  825
75 154    0   17  954
75 155    0   22 1016
75 156    0   25  845
75 157    0   30  895
75 158    0   31  765
75 159    0   28  734
75 160    0   37  987
75 161    0   18  697
75 162    0   33  858
75 163    0   20  677
75 164    0   27  790
75 165    0   31  799
75 166    0   14  616
75 167    0   29  567
75 168    0   16  575
75 169    0   13  602
75 170    0   16  658
75 171    0   16  421
75 172    0    4  488
75 173    0    9  434
75 174    0    8  464
75 175    0    5  428
75 176    0    0  320
75 177    0    4  258
75 178    0    3  307
75 179    0    3  249
75 180    0   11  250
75 181    0    3  158
75 182    0    1  164
75 183    0    0  146
75 184    0    1  153
75 185    0    0   97
75 186    0    4   75
75 187    0    0   61
75 188    0    0   53
75 189    0    0   51
75 190    0    0   50
75 191    0    0   18
75 192    0    0   19
75 193    0    0   24
75 194    0    0    9
75 195    0    0    8
75 196    0    0   13
75 197    0    0    4
75 198    0    0    9
75 199    0    0    4
75 200    0    0    2
75 201    0    0    2
75 204    0    0    1
75 205    0    0    1
75 211    0    0    1
76  51    1    0   18
76  54    0    0    7
76  56    2    0    7
76  58   11    0    0
76  59    1    0    0
76  61   14    0   16
76  62   15    0   12
76  63    6    0   14
76  64   51    0   44
76  65   68    0   32
76  66   23    0   37
76  67   24    0   15
76  68  148    0  114
76  69   61    0   59
76  70  101    0  126
76  71  143    0  207
76  72  217    0  303
76  73  348    0  310
76  74  226    0  535
76  75  422    0  356
76  76  784    0  650
76  77  289    0  468
76  78  539    0  469
76  79  534    0  601
76  80  673    0  763
76  81  559    0  728
76  82  687    0  690
76  83  620    0  515
76  84  397    0  441
76  85  517    0  427
76  86  457    0  569
76  87  374    0  240
76  88  471    0  392
76  89  350    1  293
76  90  311   17  379
76  91  220   33  357
76  92  312   19  402
76  93  360   44  328
76  94  236   65  467
76  95  352  137  359
76  96  428  114  438
76  97  351   82  393
76  98  330  158  398
76  99  209  163  399
76 100  249  225  481
76 101  184  138  446
76 102  123  141  355
76 103  168  172  480
76 104  103  169  449
76 105   88  224  341
76 106   85  128  312
76 107   72  125  177
76 108   29  121  272
76 109   37  110  216
76 110   14   93  212
76 111   16  135  141
76 112    4   80  102
76 113   11  233  156
76 114    4  163  147
76 115    5  291   94
76 116    5  294   76
76 117    0  200   43
76 118    0  296  129
76 119    0  375  126
76 120    1  527   77
76 121    3  408   67
76 122    0  414   74
76 123    1  436   90
76 124    4  355  112
76 125    5  601  110
76 126    1  441   95
76 127    0  337   84
76 128    0  586  105
76 129    0  356  115
76 130    7  589  178
76 131    5  384  159
76 132    0  569  221
76 133    2  346  203
76 134    0  409  277
76 135    0  473  272
76 136    5  446  249
76 137    0  275  216
76 138    0  421  322
76 139    0  262  326
76 140    0  378  338
76 141    0  266  359
76 142    0  345  407
76 143    0  151  437
76 144    0  155  418
76 145    0  176  435
76 146    0  152  510
76 147    0   79  402
76 148    0   66  404
76 149    0   80  502
76 150    0   87  551
76 151    0   69  431
76 152    0   52  507
76 153    0   37  406
76 154    0   30  479
76 155    0   31  606
76 156    0   22  564
76 157    0    9  414
76 158    0   26  528
76 159    0   16  403
76 160    0    7  585
76 161    0   14  406
76 162    0   15  516
76 163    0    9  391
76 164    0   17  447
76 165    0   14  443
76 166    0    5  388
76 167    0    6  304
76 168    0   26  416
76 169    0    3  289
76 170    0    4  371
76 171    0    5  249
76 172    0    4  280
76 173    0    4  304
76 174    0    6  221
76 175    0    1  225
76 176    0    2  207
76 177    0    2  132
76 178    0    4  147
76 179    0    0  133
76 180    0    4  129
76 181    0    0  104
76 182    0    0  107
76 183    0    0   93
76 184    0    1   73
76 185    0    0   80
76 186    0    0   52
76 187    0    0   52
76 188    0    0   45
76 189    0    0   32
76 190    0    0   23
76 191    0    0   23
76 192    0    0   28
76 193    0    0    4
76 194    0    0    6
76 195    0    0    4
76 196    0    0    6
76 197    0    0    1
76 198    0    0    1
76 199    0    0    3
76 200    0    0    5
76 207    0    0    1
76 211    0    0    1
77  52    1    0    0
77  57    0    0    1
77  61    4    0    0
77  63    0    0    1
77  64    2    0    1
77  65    1    0    0
77  66    0    0    5
77  67    3    0    4
77  68    1    0    4
77  69    6    0    8
77  70    4    0    8
77  71   10    0   10
77  72   10    0    9
77  73   20    0   20
77  74   21    0   15
77  75   70    0   46
77  76   31    0   57
77  77   13    0   25
77  78   62    0   98
77  79   79    0   45
77  80  147    0  202
77  81  204    0  104
77  82  259    0  241
77  83  348    0  362
77  84  322    0  492
77  85  494    0  560
77  86  476    0  495
77  87 1060    0  696
77  88  412    0  709
77  89  585    0  743
77  90 1473   58 1331
77  91 1142   34  962
77  92 1802   64 1367
77  93 1571  104 1329
77  94 1388   60 1460
77  95 1873  171 1819
77  96 1855  291 1329
77  97 1795  377 1803
77  98 1299  329 1490
77  99 1199  212 1304
77 100 1457  550 2065
77 101 1053  623 1310
77 102 1151  821 1520
77 103  631  582 1668
77 104  790  914 1469
77 105  905 1387 1858
77 106  497 1328 1139
77 107  489 1222 1414
77 108  355 1258 1052
77 109  203  930 1047
77 110  195 1368 1557
77 111  114  645  902
77 112   94  714 1195
77 113   87 1105 1399
77 114   72  664 1325
77 115   28  695 1314
77 116   30 1012 1034
77 117    4  376 1156
77 118   14 1013 1174
77 119    3  419  820
77 120    1  896 1243
77 121    0  726  830
77 122    0  574  910
77 123    0  462  773
77 124    0  470  825
77 125    1  962  820
77 126    0  807  547
77 127    0  698  570
77 128    0  940  473
77 129    0  448  358
77 130    0  906  503
77 131    0  585  289
77 132    0  677  327
77 133    0  485  303
77 134    0  634  305
77 135    0  907  315
77 136    0  539  230
77 137    0  368  226
77 138    0  564  244
77 139    0  311  182
77 140    0  512  307
77 141    0  337  162
77 142    0  280  243
77 143    0  266  247
77 144    0  218  205
77 145    0  250  285
77 146    0  198  174
77 147    0  151  305
77 148    0  189  171
77 149    0  121  207
77 150    0  129  335
77 151    0   64  219
77 152    0   72  335
77 153    0   65  311
77 154    0   58  353
77 155    0   56  445
77 156    0   37  323
77 157    0   32  458
77 158    0   49  397
77 159    0   17  287
77 160    0   38  489
77 161    0    5  355
77 162    0   19  363
77 163    0   21  385
77 164    0   10  336
77 165    0    8  410
77 166    0    7  253
77 167    0   10  403
77 168    0    9  331
77 169    0    3  258
77 170    0    7  311
77 171    0    0  227
77 172    0    0  252
77 173    0    1  247
77 174    0    0  204
77 175    0    2  229
77 176    0    2  143
77 177    0    2  190
77 178    0    3  157
77 179    0    0   99
77 180    0    1  153
77 181    0    0   74
77 182    0    0   72
77 183    0    0   70
77 184    0    0   57
77 185    0    0   49
77 186    0    2   31
77 187    0    0   33
77 188    0    0   34
77 189    0    0   33
77 190    0    2   22
77 191    0    0   13
77 192    0    0   18
77 193    0    0   17
77 194    0    0   11
77 195    0    0   13
77 196    0    0    6
77 197    0    0    4
77 198    0    0    6
77 199    0    0    2
77 200    0    0    3
77 201    0    0    1
77 202    0    0    3
77 203    0    0    1
77 204    0    0    1
77 205    0    0    1
77 206    0    0    2
77 210    0    0    2
78  67    1    0    0
78  69    1    0    0
78  71    1    0    3
78  74    0    0    3
78  75    0    0    1
78  78    0    0    4
78  80    3    0    0
78  81    1    0    0
78  82    2    0    1
78  83    3    0    1
78  84    6    0    2
78  85    8    0    1
78  86    2    0    6
78  87   13    0   10
78  88   10    0   14
78  89   13    0    7
78  90   43    9   14
78  91   15    0   21
78  92   40   12   36
78  93   41    2   43
78  94   73   10   41
78  95   93   77   36
78  96   77   41   47
78  97  145  150   66
78  98   91  116  152
78  99  115   93  146
78 100  116  322  186
78 101  114  353  114
78 102  189  547  199
78 103  135  635  239
78 104  155  856  243
78 105  202 1349  293
78 106   83  467  336
78 107  158 1632  423
78 108   36  352  411
78 109   77 1239  405
78 110   69 1382  523
78 111    5  314  407
78 112   24  580  638
78 113   27  687  506
78 114   19 1088  646
78 115   20  866  712
78 116    7  766  579
78 117    4  134  665
78 118    2  411  903
78 119    3  338  611
78 120    1  350  801
78 121    2  254  577
78 122    0  251  712
78 123    0  140  777
78 124    0  254  528
78 125    1  390  728
78 126    0  154  520
78 127    0  247  777
78 128    0  147  500
78 129    0  192  474
78 130    0  263  658
78 131    0  142  385
78 132    0  355  610
78 133    0   82  462
78 134    0  219  502
78 135    0  292  494
78 136    0  138  371
78 137    0  195  430
78 138    0  112  373
78 139    0  111  294
78 140    0  179  404
78 141    0   78  242
78 142    0  120  361
78 143    0   46  347
78 144    0   64  303
78 145    0   94  197
78 146    0   25  189
78 147    0   53  249
78 148    0   19  146
78 149    0   23  179
78 150    0   41  177
78 151    0   10  113
78 152    0   17  133
78 153    0   14  109
78 154    0    6  117
78 155    0    2  123
78 156    0    8   95
78 157    0    3  116
78 158    0    0  149
78 159    0    4   92
78 160    0    0  126
78 161    0    0   79
78 162    0    2  152
78 163    0    1  141
78 164    0    0  133
78 165    0    0  148
78 166    0    0  100
78 167    0    0  147
78 168    0    0  134
78 169    0    0  102
78 170    0    0  149
78 171    0    0  113
78 172    0    0  137
78 173    0    0  110
78 174    0    0  115
78 175    0    0   90
78 176    0    0   69
78 177    0    0   62
78 178    0    0   73
78 179    0    0   60
78 180    0    0   68
78 181    0    0   36
78 182    0    0   50
78 183    0    0   24
78 184    0    0   20
78 185    0    0   21
78 186    0    0    7
78 187    0    0   14
78 188    0    0    8
78 189    0    0    7
78 190    0    0    8
78 191    0    0    2
78 192    0    0    9
78 193    0    0    1
78 194    0    0    2
78 196    0    0    1
78 197    0    0    2
78 198    0    0    2
79  61    0    0    1
79  62    2    0    0
79  63    2    0    1
79  64    3    0    5
79  65    3    0    5
79  66    3    0    3
79  67    8    0    7
79  68    3    0   14
79  69    4    0    3
79  70    1    0    5
79  71    6    0    4
79  72    2    0    4
79  73    4    0    5
79  74    0    0    3
79  75    6    0    0
79  76    2    0    0
79  77    2    0    8
79  78    6    0    3
79  79    3    0    1
79  80    7    0    4
79  81   16    0    9
79  82    9    0    9
79  83    7    0   20
79  84   11    0   11
79  85   25    0    4
79  86   18    0   15
79  87   15    0   18
79  88   11    0   25
79  89   26    0   31
79  90   27    7   11
79  91   24    1   23
79  92   20    8   32
79  93   25    0   16
79  94   29    6   45
79  95   43   24   39
79  96   35   28   38
79  97   32    4   33
79  98   52   67   55
79  99   70  102   39
79 100   70   98   57
79 101   49  101   55
79 102   83  221   97
79 103   66  249  113
79 104   51  398   89
79 105  101  478  159
79 106   56  625  118
79 107   37  585  123
79 108   63  771  136
79 109   52 1067  224
79 110   40 1192  296
79 111   12  872  162
79 112   22 1136  291
79 113   22 1144  284
79 114    5 1141  328
79 115    8 1240  494
79 116    7 1173  400
79 117    3 1003  322
79 118    3 1062  589
79 119    3  951  472
79 120    0  807  631
79 121   11  703  590
79 122    0  799  815
79 123    1  490  542
79 124    0  492  605
79 125    0  575  736
79 126    0  541  662
79 127    0  423  709
79 128    1  495  764
79 129    0  360  622
79 130    0  433  863
79 131    0  383  728
79 132    0  515  987
79 133    0  316  702
79 134    0  382  707
79 135    0  440  850
79 136    0  411  722
79 137    1  290  703
79 138    0  299  818
79 139    0  290  673
79 140    0  328  883
79 141    0  218  635
79 142    0  303  925
79 143    0  221  680
79 144    0  196  679
79 145    0  209  710
79 146    0  185  664
79 147    0  118  737
79 148    0  151  625
79 149    0  100  561
79 150    0  163  733
79 151    0  109  521
79 152    0  148  778
79 153    0   69  538
79 154    0   82  537
79 155    0  125  645
79 156    0   67  505
79 157    0   42  490
79 158    0   33  517
79 159    0   23  353
79 160    0   57  534
79 161    0   26  300
79 162    0   32  440
79 163    0   21  361
79 164    0   15  285
79 165    0   19  321
79 166    0    6  178
79 167    0    3  211
79 168    0    8  216
79 169    0   11  154
79 170    0   10  170
79 171    0    0   89
79 172    0    2  116
79 173    0    0   78
79 174    0    0   92
79 175    0    1   95
79 176    0    1   62
79 177    0    0   31
79 178    0    4   59
79 179    0    2   52
79 180    0    3   49
79 181    0    3   27
79 182    0    1   40
79 183    0    0   28
79 184    0    0   16
79 185    0    0   30
79 186    0    0   15
79 187    0    0   18
79 188    0    0   16
79 189    0    0   16
79 190    0    0   17
79 191    0    0   18
79 192    0    0   14
79 193    0    0   11
79 194    0    0    5
79 195    0    0    6
79 196    0    0    4
79 197    0    0    7
79 198    0    0    5
79 199    0    0    3
79 200    0    0    2
79 201    0    0    2
79 202    0    0    1
79 203    0    0    3
79 204    0    0    1
79 206    0    0    1
79 207    0    0    1
79 209    0    0    1
80  57    1    2    0
80  60    2    0    0
80  64    1    0    0
80  66    2    0    1
80  67    0    0    2
80  69    1    0    0
80  71    1    0    0
80  72    2    0    1
80  73    4    0    0
80  74    0    0    1
80  75    3    0    3
80  76    2    0    8
80  77    4    0    5
80  78    7    0   11
80  79   18    0   25
80  80   21    0   22
80  81   16    0   29
80  82   34    0   23
80  83   40    0   31
80  84   51    0   38
80  85   78    2   65
80  86   62    0   30
80  87   57    1   45
80  88   88    0   60
80  89   80    0   68
80  90  115    6   86
80  91   86    0   76
80  92   83    0   64
80  93   78    1   45
80  94   70    5   95
80  95   73    3   72
80  96   62    2   61
80  97   32   17   48
80  98   56   30   72
80  99   58   20  117
80 100   50   63   59
80 101   25   27   73
80 102   34   82   68
80 103   31  195   71
80 104   32  218   80
80 105   33  242   62
80 106   14  227   63
80 107   12  297   62
80 108   19  571  114
80 109   25  788  131
80 110   14  846  111
80 111    9  513  115
80 112    8 1545  127
80 113    5 1618  117
80 114    8 1652  177
80 115    8 1981  190
80 116    1 1631  206
80 117    4 1635  174
80 118    1 2302  241
80 119    3 1898  237
80 120    0 1780  334
80 121    1 1206  251
80 122    1 1717  347
80 123    1 1503  373
80 124    0 1346  412
80 125    1 1177  515
80 126    0  867  411
80 127    0  797  498
80 128    0  879  578
80 129    0  760  558
80 130    0  627  754
80 131    0  518  645
80 132    0  588  871
80 133    0  643  722
80 134    0  583  864
80 135    0  499  952
80 136    0  421  831
80 137    0  480  855
80 138    0  517  953
80 139    0  421  834
80 140    0  410 1053
80 141    0  332  952
80 142    0  332 1066
80 143    0  336  969
80 144    0  309  950
80 145    0  287 1097
80 146    0  230  909
80 147    0  194  927
80 148    0  181 1022
80 149    0  239  836
80 150    0  197  884
80 151    0  128  827
80 152    0  140  879
80 153    0  114  790
80 154    0  165  772
80 155    0  149  737
80 156    0   95  647
80 157    0   83  619
80 158    0   71  671
80 159    0   78  562
80 160    0  111  607
80 161    0   62  549
80 162    0   56  511
80 163    0   45  431
80 164    0   33  364
80 165    0   40  397
80 166    0   18  286
80 167    0   20  259
80 168    0    6  307
80 169    0   13  211
80 170    0    3  233
80 171    0    9  168
80 172    0    4  174
80 173    0    2  135
80 174    0    5  112
80 175    0    1  114
80 176    0    2   99
80 177    0    3   82
80 178    0    3   69
80 179    0    0   72
80 180    0    1   74
80 181    0    1   37
80 182    0    1   38
80 183    0    0   32
80 184    0    0   22
80 185    0    0   32
80 186    0    0    8
80 187    0    0    9
80 188    0    0   15
80 189    0    0    9
80 190    0    0   14
80 191    0    0   13
80 192    0    0    9
80 193    1    0    4
80 194    0    0    9
80 195    0    0    5
80 196    0    0    5
80 197    0    0    5
80 199    0    0    2
80 202    0    0    1
80 203    0    0    1
80 204    0    0    1
81  64    0    0    1
81  67    0    0    1
81  68    1    0    2
81  72    3    0    1
81  73    1    0    1
81  74    5    0    0
81  75    1    0    2
81  76    2    0    2
81  77    5    0    0
81  78    1    0    0
81  79    2    0    0
81  80    1    0    2
81  81    5    0    0
81  82    1    0    0
81  83    0    0    3
81  84    2    0    4
81  85    6    0    2
81  86    2    0    0
81  87    4    0    4
81  88    3    0   11
81  89   14    0   10
81  90    3    0    4
81  91    5    0    9
81  92   14    4    3
81  93   26    2   21
81  94   38    0   24
81  95   23    8   34
81  96   45    5   34
81  97   36    9   45
81  98   67   16   95
81  99  122   23   73
81 100   72   41   87
81 101   64   33  109
81 102   60   64  163
81 103  137  152  176
81 104   81  115  171
81 105   75  133  170
81 106   69  115  188
81 107   25  129  206
81 108   58  240  202
81 109   55  323  133
81 110   17  346  200
81 111    2  184  104
81 112   14  532  170
81 113    6  573  195
81 114    6  468  117
81 115    3  617  156
81 116    2  603  115
81 117    0  696  100
81 118    2 1342  145
81 119    1  799  101
81 120    0 1013  115
81 121    0  650   87
81 122    0 1488  130
81 123    0 1529   95
81 124    0 1050  127
81 125    0 1167  135
81 126    0  842  133
81 127    0  662  122
81 128    0 1529  173
81 129    0  749  130
81 130    0  786  202
81 131    0  415  132
81 132    0  722  193
81 133    0  766  229
81 134    0  480  215
81 135    0  464  235
81 136    0  338  218
81 137    0  307  312
81 138    0  529  313
81 139    0  225  262
81 140    0  264  378
81 141    0  139  313
81 142    0  239  456
81 143    0  245  411
81 144    0  163  426
81 145    0  157  503
81 146    0  112  415
81 147    0   88  555
81 148    0  178  529
81 149    0   93  562
81 150    0   82  659
81 151    0   41  470
81 152    0   69  652
81 153    0   74  594
81 154    0   36  583
81 155    0   54  619
81 156    0   55  568
81 157    0   30  579
81 158    0   29  620
81 159    0   28  475
81 160    0   43  604
81 161    0   17  422
81 162    0   15  511
81 163    0   10  430
81 164    0   17  395
81 165    0   18  407
81 166    0    6  295
81 167    0   10  312
81 168    0   10  288
81 169    0    7  227
81 170    0    7  266
81 171    0    3  177
81 172    0    1  151
81 173    0    3  150
81 174    0    0  120
81 175    0    4  124
81 176    0    1  101
81 177    0    0   77
81 178    0    0   86
81 179    0    0   51
81 180    0    1   44
81 181    0    0   31
81 182    0    0   39
81 183    0    0   27
81 184    0    0   27
81 185    0    0   15
81 186    0    0    8
81 187    0    0   14
81 188    0    0   10
81 189    0    0   10
81 190    0    0    7
81 191    0    0    2
81 192    0    0    1
81 194    0    0    2
81 195    0    0    4
81 196    0    0    2
81 199    0    0    1
81 205    0    0    1
81 207    0    0    1
82  63    1    0    0
82  75    0    0    1
82  76    1    0    0
82  79    1    0    0
82  82    0    0    1
82  84    1    0    0
82  86    0    0    1
82  87    1    0    1
82  88    0    0    1
82  89    1    0    2
82  90    1    0    4
82  91    0    0    4
82  92    2    0    6
82  93    3    0    3
82  94    4    0    9
82  95    4    1    2
82  96    2    2    3
82  97    6    0    2
82  98    7    1    5
82  99    4    4    7
82 100    7    4    5
82 101    3    2    5
82 102    4    7   13
82 103    8    3   19
82 104    9   30   15
82 105    7   28   28
82 106    0   22   12
82 107    5   51   18
82 108    3   92   37
82 109    0   59   33
82 110    4   98   50
82 111    3   74   44
82 112    2  160   75
82 113    0  144   97
82 114    4  133   65
82 115    0  144  107
82 116    0  170   83
82 117    0  212   88
82 118    0  221  126
82 119    0  156   81
82 120    0  270  119
82 121    0  227   99
82 122    0  344  113
82 123    0  346  122
82 124    0  313   74
82 125    0  359  130
82 126    0  324   95
82 127    0  400   80
82 128    0  422  113
82 129    0  268   56
82 130    0  315   90
82 131    0  244   61
82 132    0  388   55
82 133    0  290   69
82 134    0  329   41
82 135    0  281   48
82 136    0  194   56
82 137    0  279   51
82 138    0  243   58
82 139    0  106   45
82 140    0  189   55
82 141    0  124   59
82 142    0  160   68
82 143    0  177   67
82 144    0  124   53
82 145    0   98   73
82 146    0   43   65
82 147    0   90   65
82 148    0   82   80
82 149    0   37   50
82 150    0   61   74
82 151    0   20   60
82 152    0   27   82
82 153    0   16   79
82 154    0   14   67
82 155    0   14   83
82 156    0   16   61
82 157    0    6   65
82 158    0   16   71
82 159    0    9   54
82 160    0    7   86
82 161    0    5   64
82 162    0    8   73
82 163    0    6   66
82 164    0    7   62
82 165    0    3   66
82 166    0    2   64
82 167    0    4   65
82 168    0    3   53
82 169    0    1   56
82 170    0    2   64
82 171    0    2   62
82 172    0    1   61
82 173    0    1   47
82 174    0    0   63
82 175    0    1   55
82 176    0    0   62
82 177    0    0   54
82 178    0    1   62
82 179    0    0   48
82 180    0    1   44
82 181    0    1   42
82 182    0    0   42
82 183    0    0   53
82 184    0    0   39
82 185    0    0   46
82 186    0    0   32
82 187    0    0   36
82 188    0    0   32
82 189    0    0   31
82 190    0    0   25
82 191    0    0   17
82 192    0    0   22
82 193    0    0   18
82 194    0    0    8
82 195    0    0   10
82 196    0    0    6
82 197    0    0   10
82 198    0    0    6
82 199    0    0    4
82 200    0    0    4
82 201    0    0    8
82 202    0    0    2
82 203    0    0    1
82 204    0    0    1
82 205    0    0    1
82 212    0    0    1
82 213    0    0    1
82 217    0    0    1
83  59    1    0    0
83  60    0    0    1
83  69    1    0    1
83  70    1    0    4
83  72    0    0    3
83  73    2    0    0
83  74    1    0    2
83  75    0    0    2
83  76    1    0    5
83  77    1    0    1
83  78    3    0    2
83  79    1    0    1
83  80    2    0    5
83  81    1    0    0
83  82    2    0    1
83  83    1    0    2
83  84    0    0    5
83  85    2    0    1
83  86    1    0    3
83  87    2    0    3
83  88    0    0    1
83  89    2    0    3
83  90    3    0    2
83  91    3    0    2
83  92    3    0    3
83  93    8    0    1
83  94    4    0    1
83  95   10    3    2
83  96    3    0    5
83  97   14    0    3
83  98    6    0    8
83  99    9    8   10
83 100   13    1    5
83 101    8    3    6
83 102   16    5   12
83 103   12   22    9
83 104   11    2    8
83 105    9   12   11
83 106    8   33    8
83 107    6   35    6
83 108    7   48   18
83 109    2   61    9
83 110    1   88   22
83 111    1   71    7
83 112    1  127   15
83 113    1  216   18
83 114    1  159   11
83 115    0  221   19
83 116    0  223   22
83 117    0  312   30
83 118    0  373   21
83 119    0  281   29
83 120    0  367   48
83 121    0  305   58
83 122    0  399   40
83 123    0  455   62
83 124    0  391   68
83 125    0  466   83
83 126    0  518  102
83 127    0  400   93
83 128    0  514  134
83 129    0  401  108
83 130    0  574  179
83 131    0  443  198
83 132    0  474  140
83 133    0  449  191
83 134    0  383  158
83 135    0  408  202
83 136    0  352  144
83 137    0  306  165
83 138    0  302  145
83 139    0  184  132
83 140    0  205  200
83 141    0  179  169
83 142    0  138  158
83 143    0  139  136
83 144    0  141  101
83 145    0  109  144
83 146    0  105  117
83 147    0   93   84
83 148    0  102   77
83 149    0   71   74
83 150    0   77   86
83 151    0   44   60
83 152    0   50   72
83 153    0   42   56
83 154    0   48   43
83 155    0   18   51
83 156    0   14   45
83 157    0   24   50
83 158    0   19   26
83 159    0   12   42
83 160    0   14   35
83 161    0    7   27
83 162    0    8   26
83 163    0    5   23
83 164    0    4   19
83 165    0    4   28
83 166    0    2   23
83 167    0    3   12
83 168    0    1   20
83 169    0    0   10
83 170    0    1   20
83 171    0    0   12
83 172    0    1   11
83 173    0    1   11
83 174    0    1   12
83 175    0    0   15
83 176    0    0   12
83 177    0    0    9
83 178    0    0    6
83 179    0    0    5
83 180    0    0    7
83 181    0    0    8
83 182    0    0    5
83 183    0    0    3
83 184    0    0    6
83 185    0    0    3
83 186    0    0    2
83 188    0    0    2
83 189    0    0    1
83 190    0    0    2
83 191    0    0    2
83 193    0    0    1
83 194    0    0    1
83 197    0    0    1
83 207    0    0    1
84  51    1    0    0
84  66    0    0    1
84  70    1    0    0
84  72    0    0    1
84  74    0    0    1
84  76    1    0    1
84  78    2    0    1
84  79    2    0    2
84  80    3    0    1
84  81    1    0    1
84  82    2    0    4
84  83    2    0    1
84  84    5    0    1
84  85    2    0    0
84  86    1    0    3
84  87    2    0    1
84  88    2    0    2
84  89    3    0    1
84  90    3    0    4
84  91    2    0    6
84  92    5    0    1
84  93    3    0    2
84  94    6    0    4
84  95    5    0    5
84  96    3    0    8
84  97    6    0    9
84  98   11    0   10
84  99    6    0   10
84 100   12    0   19
84 101    8    1   13
84 102   17    4   15
84 103    8    3   11
84 104    6    1   13
84 105   10    8   12
84 106    4    6   11
84 107   15    8    9
84 108    3    1    8
84 109    0    7   11
84 110    3   20    8
84 111    2   17    8
84 112    1   37    7
84 113    2   32   10
84 114    1   46   13
84 115    0   84    9
84 116    0   58   10
84 117    0  107   12
84 118    0  159   17
84 119    0  141   15
84 120    0  219   17
84 121    0  170    8
84 122    0  289   16
84 123    0  328   21
84 124    0  330   28
84 125    0  332   20
84 126    0  368   30
84 127    0  446   27
84 128    0  540   42
84 129    0  347   21
84 130    0  570   45
84 131    0  444   46
84 132    0  561   58
84 133    0  477   64
84 134    0  434   50
84 135    0  392   77
84 136    0  431   65
84 137    0  368   88
84 138    0  369  112
84 139    0  238   93
84 140    0  260  157
84 141    0  183  124
84 142    0  194  169
84 143    0  182  173
84 144    0  129  148
84 145    0  146  195
84 146    0  134  171
84 147    0  108  216
84 148    0  119  216
84 149    0  104  217
84 150    0  102  250
84 151    0   66  196
84 152    0   95  238
84 153    0   49  250
84 154    0   60  200
84 155    0   51  219
84 156    0   55  188
84 157    0   46  170
84 158    0   40  180
84 159    0   33  162
84 160    0   21  180
84 161    0   19  160
84 162    0   24  159
84 163    0   17  139
84 164    0   16  128
84 165    0    7  136
84 166    0    6   91
84 167    0    3   77
84 168    0    7   87
84 169    0    7   85
84 170    0    9   63
84 171    0    2   44
84 172    0    1   57
84 173    0    3   46
84 174    0    2   31
84 175    0    1   25
84 176    0    1   24
84 177    0    1   25
84 178    0    2   21
84 179    0    1   16
84 180    0    2   12
84 181    0    1   15
84 182    0    0   14
84 183    0    0    8
84 184    0    0   12
84 185    0    0    7
84 186    0    0   10
84 187    0    0    8
84 188    0    1   10
84 189    0    0    8
84 190    0    0    8
84 191    0    0    4
84 192    0    0    7
84 193    0    0    6
84 194    0    0    5
84 195    0    0    3
84 196    0    0    3
84 197    0    0    1
84 198    0    0    7
84 199    0    0    1
84 200    0    0    2
84 201    0    0    3
84 202    0    0    2
84 204    0    0    4
84 205    0    0    2
84 209    0    0    2
84 218    0    0    1
85  62    1    0    0
85  79    1    0    0
85  83    1    0    0
85  85    1    0    1
85  86    1    0    0
85  89    1    0    0
85  90    1    0    0
85  91    0    0    1
85  92    0    0    1
85  93    1    0    0
85  94    1    0    0
85  97    0    0    1
85  98    1    0    0
85 100    2    0    0
85 101    1    0    1
85 103    0    0    1
85 106    0    0    1
85 107    0    1    0
85 108    1    1    1
85 109    0    3    1
85 110    0    7    1
85 111    0    3    0
85 112    0    1    0
85 113    0    3    0
85 114    0   11    1
85 115    0    9    3
85 116    0    5    0
85 117    0   13    1
85 118    0    6    4
85 119    0   19    2
85 120    0   33    6
85 121    0   34    1
85 122    0   36    8
85 123    0   43    0
85 124    0   58    7
85 125    0   81    5
85 126    0  103    5
85 127    0   84    3
85 128    0   58    1
85 129    0  133    5
85 130    0  162    5
85 131    0  116    9
85 132    0  151    5
85 133    0  108   14
85 134    0  165   10
85 135    0  206   12
85 136    0  173   13
85 137    0  129    5
85 138    0  127   14
85 139    0  135   12
85 140    0  210   14
85 141    0  118   16
85 142    0  101   22
85 143    0   94   11
85 144    0   90   31
85 145    0  105   29
85 146    0   54   28
85 147    0   68   21
85 148    0   26   24
85 149    0   39   31
85 150    0   52   40
85 151    0   25   36
85 152    0   19   39
85 153    0   11   43
85 154    0   12   38
85 155    0   17   43
85 156    0   12   56
85 157    0    5   43
85 158    0    8   59
85 159    0    3   37
85 160    0    4   67
85 161    0    4   35
85 162    0    2   65
85 163    0    6   50
85 164    0    2   51
85 165    0    0   63
85 166    0    1   46
85 167    0    0   41
85 168    0    0   59
85 169    0    2   39
85 170    0    1   48
85 171    0    0   34
85 172    0    0   34
85 173    0    0   24
85 174    0    0   28
85 175    0    0   33
85 176    0    0   21
85 177    0    0   19
85 178    0    0   16
85 179    0    0   18
85 180    0    0   12
85 181    0    0    7
85 182    0    0    8
85 183    0    0    4
85 184    0    0    4
85 185    0    0    5
85 186    0    0    4
85 187    0    0    4
85 188    0    0    1
85 189    0    0    2
85 190    0    0    2
85 193    0    0    1
85 195    0    0    1
85 197    0    0    1
85 198    0    0    1
85 207    0    0    1
85 208    0    0    1
86  88    1    0    0
86  92    0    0    1
86  95    0    0    1
86  96    0    1    0
86 104    0    0    1
86 105    0    1    0
86 106    0    1    0
86 107    0    1    0
86 111    0    1    1
86 112    0    0    2
86 113    0    1    1
86 114    0    1    2
86 115    0    2    0
86 116    0    5    1
86 117    0    1    1
86 118    0    4    1
86 119    0    4    1
86 120    0    5    0
86 121    0    3    3
86 122    0   12    5
86 123    0    9    1
86 124    0   17    0
86 125    0   12    2
86 126    0   35    1
86 127    0   10    3
86 128    0   21    2
86 129    0   35    6
86 130    0   28    2
86 131    0   25    2
86 132    0   61    8
86 133    0   59    4
86 134    0   80    2
86 135    0   57    2
86 136    0  119    7
86 137    0   37    1
86 138    0   88    4
86 139    0   75    3
86 140    0   70    9
86 141    0   70    8
86 142    0   65    5
86 143    0   37    3
86 144    0   66    7
86 145    0   46    4
86 146    0   68   11
86 147    0   26    6
86 148    0   29    9
86 149    0   23    9
86 150    0   34    8
86 151    0   13    8
86 152    0    7   10
86 153    0   11    5
86 154    0   16    9
86 155    0    5    7
86 156    0    8   11
86 157    0    5    5
86 158    0    7   11
86 159    0    4   11
86 160    0    3   11
86 161    0    4   10
86 162    0    3   21
86 163    0    0   16
86 164    0    3   23
86 165    0    5   10
86 166    0    1   18
86 167    0    0    5
86 168    0    0   23
86 169    0    1   10
86 170    0    1   10
86 171    0    0   12
86 172    0    0    7
86 173    0    0   11
86 174    0    0   12
86 175    0    0    8
86 176    0    0   13
86 177    0    0    3
86 178    0    0   11
86 179    0    0    3
86 180    0    0    8
86 181    0    0    4
86 182    0    0    2
86 183    0    0    2
86 184    0    0    2
86 185    0    0    2
86 193    0    0    1
86 196    0    0    1
