60 143   2116375   9554876      NA  0.085
61 148   3181554  13137366      NA  0.095
62 195   4146143  17067206      NA  0.10
63 181   4158988  17107811      NA  0.10
64 189   4923309  18867886   95951  0.10
65 175  11061709  42833244  173083  0.128
66 213   8476299  33483221  223174  0.11
67 227   5147321  19707928  207392  0.26
68 178   2348950   8260600  119146  0.26
69 136   1606181   5534092   96841  0.28
70 100   1561318   5319651  119192  0.30
71  89   1539157   4940143   66166  0.39
72  88   2028320   7021580   70806  0.55
73 129   1847679   6530507   77826  0.45
74 158   2916756  10714645  110297  0.45
75 169   2977409  10914194  113795  0.66
76 195   2178876   8152742  130777  1.37
77 179   1590447   6125167  145867  1.34
78 194   1463991   5453025  177261  1.60
79 247   1979394   6824119  207991  0.95
80 164   2787199   9275364  201531  1.05
81 246   3035674  10994004  388751  2.00
82 309   1007648   3948467  283795  3.75
