73  87    0    0    0    0    5
73  90    0    0    0    0    1
73  91    0    0    0    0    9
73  92    0    0    0    0   19
73  93    0    0    0    0   20
73  94    0    3    0    1   42
73  95    0    0    0    0   55
73  96    0    3    0    1   66
73  97    0    0    0    1   76
73  98    0    3    0    1   87
73  99    0    0    0    0  126
73 100    0    0    4    2  130
73 101    0    0    0    3  182
73 102    0    0    0    2  243
73 103    2    4    0    1  250
73 104    2    7    0    3  203
73 105    0    0    3    0  415
73 106    0    0    0    5  363
73 107    0    0    1    3  392
73 108    2    0    5   10  487
73 109    0    2    1    3  548
73 110    2    7   10   14  616
73 111    0    3    1    4  572
73 112    0    3    2    6  695
73 113    0   10    0    3  774
73 114    0    3    4   15  645
73 115    0    1    0   14  742
73 116    0    0    1    3  553
73 117    0    2    0    8  522
73 118    0    0    2   13  562
73 119    0    1    1    5  523
73 120    0    0    1    9  500
73 121    0    1    0    3  361
73 122    0    2    0   10  367
73 123    0    1    1   16  412
73 124    0    0    4    4  362
73 125    0    3    1   15  303
73 126    0    4    0    7  286
73 127    0    0    0   16  258
73 128    0    0    1   12  329
73 129    0    0    0    5  243
73 130    0    0    0   19  290
73 131    0    2   11   12  215
73 132    0    2    2   31  266
73 133    0    2    3    4  225
73 134    0    1    2   13  187
73 135    0    1   10   28  169
73 136    0    2    2   20  127
73 137    0    6    4   21  114
73 138    0    8    2   19  119
73 139    0    1    1   31  111
73 140    0    0   19   44  106
73 141    0    7   10   20  125
73 142    0    5   11   18  119
73 143    0    2   12   27   75
73 144    0    6    5   18   66
73 145    0    3    5   34   65
73 146    0    1    4   31   76
73 147    0    6    7   15   57
73 148    0   12    5   27   55
73 149    0    3    1   27   38
73 150    0    4   14   31   67
73 151    0    6    5   23   65
73 152    0    2   11   22   54
73 153    0    3    3   34   56
73 154    0    2    9   17   44
73 155    0    2    2   20   39
73 156    0    1    5   25   37
73 157    0    3    2   26   28
73 158    0    3    5   15   26
73 159    0    1    7   13   31
73 160    0    5    1   10   31
73 161    0    2    2   11   34
73 162    0    8    1   16   39
73 163    0    3    8    9   26
73 164    0    2    3   10   18
73 165    0    3    4   14   28
73 166    0    3    4   10   25
73 167    0    6    5   16   20
73 168    0    1    5   13   34
73 169    0    4    6    4   17
73 170    0    3    1   12   28
73 171    0    1    5    4    5
73 172    0    1    4    8   20
73 173    0    2    1    7   19
73 174    0    3    2   15   13
73 175    0    2    1    4    7
73 176    0    1    2    5    3
73 177    0    3    1    2   10
73 178    0    2    2    3    2
73 179    0    1    0    2    3
73 180    0    1    1    0    1
73 181    0    0    1    0    1
73 182    0    0    1    0    1
73 183    0    1    0    3    0
73 184    0    1    0    0    0
73 185    0    0    0    0    1
73 187    0    1    0    0    2
73 188    0    0    1    0    0
74  90    0    0    0    0    2
74  91    0    0    0    0    1
74  93    0    0    0    0    9
74  94    0    0    0    0   18
74  95    0    0    0    5   27
74  96    0    0    0    1   54
74  97    0    0    0    0   34
74  98    0    0    0    1   89
74  99    0    1    2    4  187
74 100    0    0    5   12  282
74 101    0    1    3    6  246
74 102    0    5    9   12  510
74 103    0    0    4   11  480
74 104    0    1   14   22  551
74 105    0    0    4   19  946
74 106    0    1    5    9  693
74 107    0    0    8   28  663
74 108    0    6    8    5  951
74 109    0    0    8   12  882
74 110    0    0    3   17 1089
74 111    0    0    9   13 1058
74 112    0    9    3   14 1132
74 113    0    2    5   12  926
74 114    0    3   13   20 1311
74 115    0   10    5   30 1476
74 116    0    1    8   25 1364
74 117    0    7    3   15 1183
74 118    0    3   22   20 1300
74 119    0   11    8   12 1341
74 120    0    0   18   20 1510
74 121    0    1    1   30  993
74 122    0    0   12   18 1748
74 123    0    1    4   19  967
74 124    0    0    3   18 1083
74 125    0    0   10   22 1273
74 126    0    0    6   49 1050
74 127    0    0   18   18  850
74 128    0    0   13   26  974
74 129    0    1    6   24  744
74 130    0    0    9   22  999
74 131    0    1    1   18  805
74 132    0    1    7   18  914
74 133    0    6    5   13  666
74 134    0    0    2   29  651
74 135    0    1    9   25  588
74 136    0    0    6   11  494
74 137    0    0    8   15  327
74 138    0    1    9   24  374
74 139    0    7    5   14  282
74 140    0    3    9   12  343
74 141    0    4    9   17  164
74 142    0    1    7   11  287
74 143    0    0    6   18  201
74 144    0    2    8    3  158
74 145    0    2   11   15  256
74 146    0    3    5   21  162
74 147    0    2    2   10  133
74 148    0    3    3    8  142
74 149    0    2    6   15  102
74 150    0    2   13   23  137
74 151    0    0    1    6  100
74 152    0    4    7   12   86
74 153    0    1    4   12   98
74 154    0    1    4    5  101
74 155    0    1    7    8   99
74 156    0    1    7    6   75
74 157    0    1    6   25   87
74 158    0    3    6   12   85
74 159    0    0    2   11   61
74 160    0    1    8    3   95
74 161    0    1    8    9   91
74 162    0    0    5   16  132
74 163    0    1   10    9   78
74 164    0    0    7   17   91
74 165    0    2    3   14  101
74 166    0    2    4   21   66
74 167    0    0    6    5   46
74 168    0    2    7   14   77
74 169    0    0    6    6   50
74 170    0    2    7    7   81
74 171    0    0    3    8   52
74 172    0    2    6    9   34
74 173    0    0    1    7   28
74 174    0    1    6    1   28
74 175    0    0    5    2   53
74 176    0    1    4    2   22
74 177    0    0    1    4   18
74 178    0    1    2    7   18
74 179    0    0    2    0   10
74 180    0    0    1    2   11
74 181    0    1    0    2    3
74 182    0    1    4    1    4
74 183    0    0    1    0    3
74 184    0    0    0    1    9
74 185    0    0    0    1    0
74 186    0    0    0    2    1
74 188    0    0    0    0    1
74 189    0    0    1    0    0
74 190    0    0    1    0    0
74 192    0    2    0    0    2
74 193    0    0    0    0    3
74 194    0    0    0    0    1
74 196    0    0    0    0    1
75  89    0    0    0    0    1
75  91    0    0    0    0    2
75  93    0    0    0    0    3
75  94    0    0    0    0    2
75  95    0    0    0    0    1
75  96    0    0    0    0    2
75  97    0    0    0    0    2
75  98    0    0    0    0    3
75  99    0    0    0    0    6
75 100    0    0    0    0   14
75 101    0    0    0    0   14
75 102    0    0    0    1   13
75 103    0    0    2    0   12
75 104    0    0    2    4   41
75 105    0    0    0    0   47
75 106    0    0    0    1   54
75 107    0    1    1    4   71
75 108    0    0    5    0   62
75 109    0    0    0    1   92
75 110    0    0    0    5   53
75 111    0    0    8    1  160
75 112    0    0    0    6  199
75 113    0    0    1    2  213
75 114    0    0    2    8  186
75 115    0    2    2    8  258
75 116    0    2    3    8  270
75 117    0    0    3   12  234
75 118    0    2    4    8  302
75 119    0    5    4   18  268
75 120    0    2    2   16  336
75 121    0    1    8   10  279
75 122    0    2   11   29  350
75 123    0    1   12   22  432
75 124    0    2   10   13  299
75 125    0    4    9   24  397
75 126    0    7   11   18  441
75 127    0    3    7   24  371
75 128    0    3   20   51  481
75 129    0    4   10   27  423
75 130    0    6   30   39  377
75 131    0    3   12   20  376
75 132    0    8   16   28  473
75 133    0    4    8   37  347
75 134    0    4   13   27  462
75 135    0    4   14   23  332
75 136    0    0   12   20  340
75 137    0    1   10   23  259
75 138    0    1   21   34  340
75 139    0    3    7   13  276
75 140    0    6    9   14  258
75 141    0    5    6    5  169
75 142    0    3    7    6  215
75 143    0    2   12    9  162
75 144    0    4    4    1  130
75 145    0    2    4    7  100
75 146    0    1    5   13   82
75 147    0    4    2   13   66
75 148    0    0    5    5   55
75 149    0    1    5    4   46
75 150    0    3    1    2   57
75 151    0    2    0    2   20
75 152    0    0    5    1   30
75 153    0    0    5    2   47
75 154    0    0    1    1   15
75 155    0    0    0    1   21
75 156    0    2    0    0   23
75 157    0    0    1    1   28
75 158    0    0    0    8   23
75 159    0    1    5    0   22
75 160    0    1    1    0   35
75 161    0    2    5    2    9
75 162    0    0    1    5   27
75 163    0    1    3    0   16
75 164    0    0    0    1   26
75 165    0    1    2    5   23
75 166    0    0    2    4    8
75 167    0    0    8    2   19
75 168    0    0    2    0   14
75 169    0    0    0    3   10
75 170    0    1    1    0   14
75 171    0    0    2    4   10
75 172    0    0    0    0    4
75 173    0    0    3    1    5
75 174    0    4    0    0    4
75 175    0    1    0    0    4
75 177    0    2    0    0    2
75 178    0    0    0    1    2
75 179    0    0    0    0    3
75 180    0    0    4    1    6
75 181    0    0    0    0    3
75 182    0    0    0    0    1
75 184    0    0    0    0    1
75 186    0    0    0    1    3
76  89    0    0    0    0    1
76  90    0    6    0    7    4
76  91    0   25    0    0    8
76  92    0   10    0    1    8
76  93    0    9    0    7   28
76  94    0   16    0   18   31
76  95    0   39   23   12   63
76  96    0   28    0    8   78
76  97    0   27    2    5   48
76  98    0   40    6   27   85
76  99    0   47   14   20   82
76 100    0   50   28   19  128
76 101    0   15    1   50   72
76 102    0   26   15   17   83
76 103    0    5    0   28  139
76 104    0   21    2   50   96
76 105    0   35    6   41  142
76 106    0   12    1   42   73
76 107    0    3    0   15  107
76 108    0    5    0   18   98
76 109    0    3    1   13   93
76 110    0   12    5   12   64
76 111    0    5    8   28   94
76 112    0    1    3   20   56
76 113    0    8   16   62  147
76 114    0    1   16   17  129
76 115    0   10   17   66  198
76 116    0   11   17   71  195
76 117    0    7    7   58  128
76 118    0    9   21   83  183
76 119    0   10   32   90  243
76 120    0    9   35  141  342
76 121    0   16   22  101  269
76 122    0   20   32  103  259
76 123    0    4   39   96  297
76 124    0    5    9   70  271
76 125    0   17   48  139  397
76 126    0   17   37   83  304
76 127    0    7   18   87  225
76 128    0   21   41  128  396
76 129    0    6   32   91  227
76 130    0   23   40  163  363
76 131    0    5   45   82  252
76 132    0   11   63  140  355
76 133    0   10   26   76  234
76 134    0    8   42   88  271
76 135    0   15   51  119  288
76 136    0   14   31  121  280
76 137    0    3   23   63  186
76 138    0    7   24  100  290
76 139    0    4   11   59  188
76 140    0    7   45   62  264
76 141    0    8   22   66  170
76 142    0   12    9   83  241
76 143    0   12    8   27  104
76 144    0    2   12   22  119
76 145    0    7    8   26  135
76 146    0    2   15   30  105
76 147    0    2    0   11   66
76 148    0    1    2   11   52
76 149    0    3    2   17   58
76 150    0    3    3   12   69
76 151    0    1    3   12   53
76 152    0    0    1   12   39
76 153    0    2    3    8   24
76 154    0    1    1   11   17
76 155    0    2    5   10   14
76 156    0    1    3    4   14
76 157    0    0    1    3    5
76 158    0    2    1   10   13
76 159    0    0    0    6   10
76 160    0    0    1    0    6
76 161    0    0    0    8    6
76 162    0    1    0    8    6
76 163    0    0    0    5    4
76 164    0    0    2    4   11
76 165    0    0    0    9    5
76 166    0    0    0    2    3
76 167    0    0    0    1    5
76 168    0    1    1    9   15
76 169    0    0    0    3    0
76 170    0    0    2    0    2
76 171    0    0    1    0    4
76 172    0    0    2    1    1
76 173    0    0    1    3    0
76 174    0    0    0    1    5
76 175    0    0    0    1    0
76 176    0    0    0    0    2
76 177    0    0    0    2    0
76 178    0    0    0    4    0
76 180    0    0    4    0    0
76 184    0    0    0    1    0
77  90    0   13   12    4   29
77  91    0   10    9    5   10
77  92    0    3    4    1   56
77  93    0   10   16    4   74
77  94    0    1   18   15   26
77  95    0    9   63   18   81
77  96    0   24   53   13  201
77  97    0   53   46   33  245
77  98    0   14   73   58  184
77  99    0   26   25   21  140
77 100    0   31  124   85  310
77 101    0   35   46   78  464
77 102    0   44  301  150  326
77 103    0   59  115  169  239
77 104    0   53  238  219  404
77 105    0   75  321  215  776
77 106    0   40  105  106 1077
77 107    0   32  214  217  759
77 108    0   35  120  124  979
77 109    0   61   98  204  567
77 110    0  162  286  307  613
77 111    0   45    8   41  551
77 112    0   35  116   97  466
77 113    0   78  161  171  695
77 114    0   43   99  203  319
77 115    0   38  104  121  432
77 116    0   24  110  143  735
77 117    0   15   30   74  257
77 118    0   33   97  132  751
77 119    0   20   25  106  268
77 120    0   33  144  171  548
77 121    0   13   77   79  557
77 122    0   34   87   92  361
77 123    0   10   93   77  282
77 124    0   25   99  115  231
77 125    0   34  125  240  563
77 126    0   21   83  121  582
77 127    0   17   85  132  464
77 128    0   19   69  147  705
77 129    0    6   69   62  311
77 130    0   24  126  178  578
77 131    0   20   60  101  404
77 132    0   17   75  128  457
77 133    0   15   71   99  300
77 134    0    8   68  114  444
77 135    0   17   98  131  661
77 136    0   10   20   48  461
77 137    0    8   17   83  260
77 138    0    4   52   85  423
77 139    0    7   18   46  240
77 140    0    8   60   90  354
77 141    0    7   34   48  248
77 142    0    2   18   40  220
77 143    0    4   22   41  199
77 144    0    2   31   48  137
77 145    0    9   35   55  151
77 146    0    4   11   32  151
77 147    0    4   19   34   94
77 148    0    3    9   24  153
77 149    0    0   14   18   89
77 150    0    5   16   25   83
77 151    0    0   10   15   39
77 152    0    1    6   18   47
77 153    0    0    8   11   46
77 154    0    1    5   11   41
77 155    0    0    4   14   38
77 156    0    2    3   10   22
77 157    0    0    3    7   22
77 158    0    0    4    6   39
77 159    0    0    2    2   13
77 160    0    0    4   10   24
77 161    0    1    0    0    4
77 162    0    0    0    5   14
77 163    0    0    1    3   17
77 164    0    0    1    4    5
77 165    0    0    0    4    4
77 166    0    0    2    2    3
77 167    0    0    0    2    8
77 168    0    0    1    2    6
77 169    0    0    1    0    2
77 170    0    0    0    2    5
77 173    0    0    0    1    0
77 175    0    0    1    0    1
77 176    0    0    0    1    1
77 177    0    0    0    2    0
77 178    0    0    1    1    1
77 180    0    0    0    0    1
77 186    0    0    0    2    0
77 190    0    0    0    2    0
78  90    0    0    5    0    4
78  92    0    0    4    0    8
78  93    0    0    1    1    0
78  94    0    0    2    5    3
78  95    0   13   28   26   10
78  96    0    0   15   16   10
78  97    0    2   62   63   23
78  98    0    0   17   64   35
78  99    0    2   17   58   16
78 100    0   21  100   95  106
78 101    0   13  111  149   80
78 102    0   12  171  254  110
78 103    0   14  210  252  159
78 104    0   34  207  408  207
78 105    0   19  395  634  301
78 106    0    5  133  202  127
78 107    0   27  295  916  394
78 108    0    4   71  177  100
78 109    0   16  228  774  221
78 110    0   13  332  689  348
78 111    0    7   64  104  139
78 112    0   11  194  250  125
78 113    0   10  164  358  155
78 114    0   21  224  562  281
78 115    0   10  184  465  207
78 116    0   11  167  408  180
78 117    0    3   27   79   25
78 118    0    4   43  291   73
78 119    0    6   63  197   72
78 120    0   13   91  141  105
78 121    0    4   49  114   87
78 122    0    0   32  121   98
78 123    0    0   57   42   41
78 124    0    6   27  153   68
78 125    0    3   76  184  127
78 126    0    2   24   78   50
78 127    0    4   46  124   73
78 128    0    1   15   86   45
78 129    0   10   22  129   31
78 130    0    5   57   95  106
78 131    0    0   27   75   40
78 132    0   11   73  173   98
78 133    0    0   13   37   32
78 134    0    6   43  106   64
78 135    0    7   73  130   82
78 136    0   11   50   49   28
78 137    0    6   29  107   53
78 138    0    2   18   48   44
78 139    0    4   20   62   25
78 140    0   11   37   86   45
78 141    0    2   15   37   24
78 142    0    1   46   41   32
78 143    0    2   14   14   16
78 144    0    1   26   22   15
78 145    0    2   45   31   16
78 146    0    2    7   11    5
78 147    0    2    8   27   16
78 148    0    0    2    8    9
78 149    0    0    7   12    4
78 150    0    3   11   21    6
78 151    0    0    3    5    2
78 152    0    0    4   10    3
78 153    0    0    6    0    8
78 154    0    0    2    2    2
78 155    0    0    0    2    0
78 156    0    0    1    0    7
78 157    0    0    1    2    0
78 159    0    0    0    3    1
78 162    0    0    0    2    0
78 163    0    0    0    0    1
79  90    0    0    0    4    3
79  91    0    0    0    1    0
79  92    0    2    0    2    4
79  94    0    0    0    6    0
79  95    0    0    6    4   14
79  96    0    1   13   12    2
79  97    0    0    3    1    0
79  98    0    0    5   28   34
79  99    0    3   21   22   56
79 100    0    1   26   21   50
79 101    0    0    9   31   61
79 102    0    8   49   61  103
79 103    0   12   22  112  103
79 104    5   13   59  132  189
79 105    0   20   75  162  221
79 106    3    4   68  229  321
79 107    0    4   56  198  327
79 108    1   19   81  303  367
79 109    2   22  126  344  573
79 110    1   10   98  439  644
79 111    1   16   95  297  463
79 112    0   24   82  396  634
79 113    0   20  113  449  562
79 114    0   23  104  448  566
79 115    0   37   82  423  698
79 116    0   12   71  517  573
79 117    0   14   85  396  508
79 118    0   23   80  365  594
79 119    2   22   65  389  473
79 120    1   21   59  309  417
79 121    0   23   55  281  344
79 122    0   13   56  329  401
79 123    0    6   54  204  226
79 124    2   12   48  212  218
79 125    0   22   53  228  272
79 126    0   10   56  246  229
79 127    0   14   63  185  161
79 128    0    5   46  210  234
79 129    1    7   17  163  172
79 130    0   13   53  193  174
79 131    0   18   41  150  174
79 132    0   38   42  266  169
79 133    0    6   46  132  132
79 134    0    6   50  176  150
79 135    0   10   55  202  173
79 136    0   14   31  191  175
79 137    0    9   32  141  108
79 138    1    5   50  135  108
79 139    0   13   43  150   84
79 140    0   11   47  108  162
79 141    0   12   36  101   69
79 142    0    8   47  138  110
79 143    0   15   30  100   76
79 144    1    6   21   94   74
79 145    0    8   31   84   86
79 146    0   12   33   90   50
79 147    0    8   25   51   34
79 148    0    9   26   61   55
79 149    0    4   16   38   42
79 150    0   12   16   63   72
79 151    0    5   17   46   41
79 152    1   10   21   73   43
79 153    0    1   10   38   20
79 154    2    6    4   37   33
79 155    0    1    8   55   61
79 156    0    4    8   33   22
79 157    0    3    9   19   11
79 158    0    1    5   11   16
79 159    0    0    2    9   12
79 160    0    1    2   30   24
79 161    0    0    3    9   14
79 162    0    4    7   15    6
79 163    0    0    1   15    5
79 164    0    0    0    6    9
79 165    0    0    2   12    5
79 166    0    0    0    4    2
79 167    0    0    1    2    0
79 168    0    0    0    5    3
79 169    0    0    1    9    1
79 170    0    0    2    4    4
79 172    0    0    0    1    1
79 175    0    0    0    0    1
79 176    0    0    0    0    1
79 178    0    0    0    2    2
79 179    0    0    0    2    0
79 180    0    0    1    1    1
79 181    0    0    0    3    0
79 182    0    0    1    0    0
80  85    0    2    0    0    0
80  87    0    1    0    0    0
80  90    0    1    0    0    5
80  93    0    1    0    0    0
80  94    0    0    1    4    0
80  95    0    0    0    1    2
80  96    0    0    0    0    2
80  97    0    2    1    3   11
80  98    0    3    0   13   14
80  99    0    0    8    9    3
80 100    0    2   11   18   33
80 101    0    0    4    6   17
80 102    0    3    4   19   56
80 103    0   26   36   43   91
80 104    0   21   28   52  117
80 105    0    8   24   48  162
80 106    0    9   25   48  145
80 107    0    2   24  102  169
80 108    1   22   36  152  360
80 109    1   63   68  185  472
80 110    0   41   51  221  532
80 111    0   15   34  114  351
80 112    1   43  112  377 1012
80 113    6   32  117  391 1073
80 114    1   18   75  420 1137
80 115    2   50   65  447 1418
80 116    0   31   65  429 1107
80 117    3   24   49  379 1181
80 118    1   42   78  456 1724
80 119   13   23   45  342 1476
80 120    3   25   43  322 1387
80 121    0   20   32  283  871
80 122    0   11   54  364 1288
80 123    1   23   84  326 1069
80 124    2   11   60  297  976
80 125    1   17   49  243  866
80 126    1    3   26  179  659
80 127    0    8   18  198  574
80 128    0    6   49  159  665
80 129    0    3   27  197  532
80 130    1   11   25  158  432
80 131    1    6   27  130  353
80 132    0    5   27  160  396
80 133    3    8   31  216  385
80 134    1    4   36  195  348
80 135    0    8   28  119  344
80 136    2    8   43  115  253
80 137    0   14   42  167  258
80 138    1   22   30  192  272
80 139    0    9   33  148  231
80 140    1    6   37  165  201
80 141    0    3   25  122  183
80 142    2    6   42  116  166
80 143    0    6   34  113  184
80 144    1    6   44  124  133
80 145    0    8   44  106  129
80 146    0    7   21  105   97
80 147    0    2   38   71   82
80 148    0    4   25   74   78
80 149    2    8   26   98  105
80 150    0    3   22   82   90
80 151    0    1   16   66   45
80 152    0    8   23   54   55
80 153    1    1   14   50   48
80 154    0    2   35   71   57
80 155    2    2   30   68   48
80 156    0    2   23   44   27
80 157    1    5   23   33   22
80 158    1    3   20   33   14
80 159    0    0   31   29   18
80 160    1    1   29   45   35
80 161    0    0   11   32   19
80 162    1    4    9   28   14
80 163    0    0    7   25   13
80 164    0    0   15    8   10
80 165    0    0   11   16   13
80 166    0    0    4   10    4
80 167    0    1    2    5   12
80 168    0    0    2    1    3
80 169    0    0    3    7    3
80 170    0    0    0    3    0
80 171    0    0    4    3    2
80 172    0    0    2    1    1
80 173    0    0    1    1    0
80 174    0    0    1    4    0
80 175    0    0    1    0    0
80 176    0    0    0    1    1
80 177    0    0    2    0    1
80 178    0    0    0    0    3
80 180    0    0    0    1    0
80 181    0    0    1    0    0
80 182    0    0    1    0    0
81  92    0    1    1    2    0
81  93    0    0    0    0    2
81  95    0    0    1    6    1
81  96    0    1    0    0    4
81  97    0    1    0    4    4
81  98    0    1    0    3   12
81  99    0    1    0    2   20
81 100    0    1    9    4   27
81 101    0    0    1    7   25
81 102    0    3    2    7   52
81 103    0   15   22   19   96
81 104    0   17   15   27   56
81 105    0   16   32   16   69
81 106    0    7   11   35   62
81 107    0   17   24   32   56
81 108    0   11   38   63  128
81 109    0   15   43   77  188
81 110    0   48   66  109  123
81 111    0    6   61   62   55
81 112    0   39  125  144  224
81 113    0   18  116  153  286
81 114    0   25   81  132  230
81 115    1   46   97  186  287
81 116    1   34   99  201  267
81 117    0   36  121  219  320
81 118    3   62  154  435  688
81 119    1   32   86  262  418
81 120    0   37  100  343  532
81 121    2   15  108  196  329
81 122    0   59  176  487  766
81 123    0   58  135  484  852
81 124    0   57   83  327  584
81 125    1   59   90  306  711
81 126    0   25   72  276  470
81 127    1   18   54  207  383
81 128    4   52  106  508  859
81 129    0   19   68  222  440
81 130    0   29   70  232  455
81 131    0    9   53   97  256
81 132    0   37   76  187  422
81 133    3   27   60  218  457
81 134    1   15   56  163  245
81 135    0   13   45  135  271
81 136    0   15   45  103  175
81 137    0   20   41   91  155
81 138    1   29   67  165  267
81 139    1   11   25   75  113
81 140    0    7   38   97  122
81 141    0    7   17   34   81
81 142    1   11   48   86   92
81 143    0   16   46   94   89
81 144    0   12   31   44   76
81 145    1   14   21   49   72
81 146    0    8   13   49   42
81 147    0    9   13   30   36
81 148    0   16   40   56   66
81 149    1    4   18   31   39
81 150    0    6   19   34   23
81 151    0    2   10   19   10
81 152    1    4   19   29   16
81 153    0    5   22   15   32
81 154    0    1   12   15    8
81 155    0    0   17   16   21
81 156    0    3   13   25   14
81 157    0    0    6   16    8
81 158    0    2    3   12   12
81 159    0    2   12    4   10
81 160    0    2   15   15   11
81 161    0    1    5    7    4
81 162    0    0    5    6    4
81 163    0    0    4    4    2
81 164    0    1    2   11    3
81 165    0    0    8    7    3
81 166    0    0    3    1    2
81 167    0    1    4    2    3
81 168    0    1    6    3    0
81 169    0    0    2    1    4
81 170    0    0    2    1    4
81 171    0    0    3    0    0
81 172    0    0    0    0    1
81 173    0    0    0    2    1
81 175    0    0    1    2    1
81 176    0    0    0    1    0
81 180    0    0    0    0    1
82  95    0    0    0    0    1
82  96    0    0    0    2    0
82  98    0    0    0    0    1
82  99    0    0    0    1    3
82 100    0    1    0    0    3
82 101    0    0    0    2    0
82 102    0    1    1    1    4
82 103    0    0    0    1    2
82 104    0    3    0    8   19
82 105    0    0    1   11   16
82 106    0    0    1    9   12
82 107    0    1    3   19   28
82 108    0    2    2   38   50
82 109    0    0    2   21   36
82 110    1    0    3   27   67
82 111    1    2    7   14   50
82 112    1   10    8   66   75
82 113    2    4   11   45   82
82 114    0    7   15   38   73
82 115    0    3    6   39   96
82 116    3    2    8   74   83
82 117    3   11   25   73  100
82 118    6   13   30   59  113
82 119    3    5   10   50   88
82 120    3   11   26   81  149
82 121    0    2   10   86  129
82 122    3   10   29  138  164
82 123    2   11   26  121  186
82 124    4   14   20   96  179
82 125    6    4   37  125  187
82 126    3   12   21  103  185
82 127    2   14   27  138  219
82 128    2    9   23  137  251
82 129    2   11    4   82  169
82 130    0    7   29   99  180
82 131    3    4   10   74  153
82 132    3    6   15  119  245
82 133    0    3   10  104  173
82 134    0    3   20  121  185
82 135    1    4   11   75  190
82 136    1    1   17   65  110
82 137    0    4   14   79  182
82 138    1   13   12   81  136
82 139    1    1    1   23   80
82 140    0    1   10   41  137
82 141    0    2    7   36   79
82 142    0    1    9   49  101
82 143    0    3    3   47  124
82 144    0    2    3   37   82
82 145    0    1    4   34   59
82 146    0    1    0   10   32
82 147    0    1    5   25   59
82 148    1    1    6   20   54
82 149    0    6    1    5   25
82 150    1    1    3   20   36
82 151    0    0    2    8   10
82 152    0    1    1    7   18
82 153    0    0    1    7    8
82 154    0    0    0    4   10
82 155    0    2    1    6    5
82 156    0    0    1    5   10
82 157    0    0    1    2    3
82 158    0    0    0    7    9
82 159    0    0    0    7    2
82 160    0    1    0    1    5
82 161    0    0    0    3    2
82 162    0    0    4    2    2
82 163    0    1    0    4    1
82 164    0    1    0    1    5
82 165    0    1    0    1    1
82 166    0    0    0    0    2
82 167    0    0    2    1    1
82 168    0    1    0    0    2
82 169    0    0    0    1    0
82 170    0    0    0    1    1
82 171    0    0    0    2    0
82 172    0    0    0    1    0
82 173    0    0    1    0    0
82 175    0    0    0    0    1
82 178    0    0    0    1    0
82 180    0    0    0    0    1
82 181    0    0    0    0    1
83  95    0    0    0    3    0
83  99    0    0    2    0    6
83 100    0    0    0    0    1
83 101    0    0    0    0    3
83 102    0    0    2    0    3
83 103    0    6    3    3   10
83 104    0    0    0    2    0
83 105    0    0    0    0   12
83 106    1    0    0   14   18
83 107    0    6    6    6   17
83 108    0    2    0   24   22
83 109    2    0    0   31   28
83 110    0    7    1   16   64
83 111    0    1    0   27   43
83 112    0   10    5   45   67
83 113    0    6   13   88  109
83 114    0    9   11   28  111
83 115    1   13    6   60  141
83 116   10    7   30   47  129
83 117    5   14   15  124  154
83 118    0   18   19  112  224
83 119    8    7    6   85  175
83 120    0   11   15  129  212
83 121    5   22   18  105  155
83 122    2   32   21  155  189
83 123    6    9   39  192  209
83 124    9   16   37  125  204
83 125   11   23   30  177  225
83 126   28   18   22  176  274
83 127   11   13   29  184  163
83 128   21   33   47  198  215
83 129   12   22   35  126  206
83 130   21   37   28  215  273
83 131   21   33   31  158  200
83 132   19   36   33  162  224
83 133   28   20   32  142  227
83 134   24   26   26  149  158
83 135    9   10   57  125  207
83 136   21   16   28  114  173
83 137   12   13   14  120  147
83 138   10    6   18  113  155
83 139   11   10    8   73   82
83 140   13   14   25   50  103
83 141   11    4   15   57   92
83 142    5    6   14   52   61
83 143   10   11   10   38   70
83 144    5    5    9   36   86
83 145    5    1    3   21   79
83 146    4    8    5   34   54
83 147    4    5    6   35   43
83 148    6    2    6   27   61
83 149    5    6    1   17   42
83 150    2    5    1   33   36
83 151    2    0    2   11   29
83 152    5    5    1   14   25
83 153    8    0    0   10   24
83 154    2    0    6   14   26
83 155    2    0    0    4   12
83 156    3    0    1    2    8
83 157    0    3    1    6   14
83 158    0    1    0    5   13
83 159    0    0    0    4    8
83 160    2    0    1    4    7
83 161    1    0    1    3    2
83 162    2    0    1    3    2
83 163    1    0    1    2    1
83 164    0    0    0    0    4
83 165    0    0    0    1    3
83 166    0    0    0    2    0
83 167    0    0    0    2    1
83 168    0    0    0    0    1
83 170    1    0    0    0    0
83 172    1    0    0    0    0
83 173    0    0    0    1    0
83 174    1    0    0    0    0
84 101    0    0    0    0    1
84 102    0    0    0    3    1
84 103    0    0    0    0    3
84 104    0    0    0    1    0
84 105    0    0    0    2    6
84 106    2    0    0    0    4
84 107    0    2    0    1    5
84 108    0    0    0    0    1
84 109    0    3    0    0    4
84 110    2    0    0   12    6
84 111    0    0    1    4   12
84 112    0    5    2    8   22
84 113    0    2    0    8   22
84 114    0    0    3   15   28
84 115    0    0    6   40   38
84 116    0    0    3   30   25
84 117    1    9   20   26   51
84 118    2   11   21   43   82
84 119    1   13   19   44   64
84 120    4   11   16   63  125
84 121    0    8   13   56   93
84 122   10   11   40   84  144
84 123    2   19   45  112  150
84 124    2   31   47   93  157
84 125    1   24   36  121  150
84 126    5   18   47   98  200
84 127   11   31   75  148  181
84 128    7   24   76  162  271
84 129    6   18   34  136  153
84 130    7   31   73  175  284
84 131    4   41   59  122  218
84 132    4   35   64  209  249
84 133    6   40   67  158  206
84 134    6   30   47  144  207
84 135    3   24   54  179  132
84 136    4   23   54  138  212
84 137    2   11   63  137  155
84 138    4   24   57  164  120
84 139    5    7   32   90  104
84 140    6   19   39  105   91
84 141    8   17   30   65   63
84 142    5   12   36   86   55
84 143   10   16   25   77   54
84 144   11    7   20   53   38
84 145    8    8   24   65   41
84 146   11    9   16   63   35
84 147    7   11   12   61   17
84 148   11    3   19   53   33
84 149   12    6   15   46   25
84 150    9   11    4   53   25
84 151   16    1    6   29   14
84 152   12    4    9   47   23
84 153    8    2    6   23   10
84 154    6    4    3   39    8
84 155    6    4    3   29    9
84 156    9    4    6   27    9
84 157    8    6    2   23    7
84 158    4    2    4   23    7
84 159    7    1    5   18    2
84 160    3    1    0   12    5
84 161    5    1    0   10    3
84 162    5    0    1   10    8
84 163    7    3    2    5    0
84 164    6    0    3    7    0
84 165    1    3    0    3    0
84 166    3    0    0    2    1
84 167    2    0    0    1    0
84 168    4    0    0    2    1
84 169    4    1    1    0    1
84 170    4    1    0    4    0
84 171    1    0    0    1    0
84 172    1    0    0    0    0
84 173    3    0    0    0    0
84 174    2    0    0    0    0
84 175    1    0    0    0    0
84 176    0    0    1    0    0
84 177    1    0    0    0    0
84 178    1    0    0    1    0
84 179    0    0    0    1    0
84 180    1    0    0    1    0
84 181    0    0    0    1    0
84 188    1    0    0    0    0
85 107    0    0    0    0    1
85 108    0    0    0    0    1
85 109    0    1    0    2    0
85 110    0    0    0    7    0
85 111    1    0    0    1    1
85 112    0    0    1    0    0
85 113    0    0    0    1    2
85 114    1    0    5    3    2
85 115    0    0    3    4    2
85 116    0    0    2    2    1
85 117    0    0    1    7    5
85 118    0    0    0    5    1
85 119    1    1    1   12    4
85 120    0    0    4   24    5
85 121    0    4    5   20    5
85 122    0    4    2   21    9
85 123    0    1    5   30    7
85 124    1    4   11   27   15
85 125    1    3   16   48   13
85 126    1    9    8   72   13
85 127    0    2   11   57   14
85 128    1    3    3   44    7
85 129    2   13   16   86   16
85 130    2    6   22  101   31
85 131    2    6   17   63   28
85 132    2   15   13   89   32
85 133    1    4   25   53   25
85 134    1    7   30  101   26
85 135    3   11   31  131   30
85 136    1   10   29  104   29
85 137    4    5   20   82   18
85 138    5    4   13   84   21
85 139    0    7   19   80   29
85 140    5   13   36  121   35
85 141    3    8   18   66   23
85 142    5   10   15   55   16
85 143    1   10   15   59    9
85 144    3    2   20   53   12
85 145    2    5   31   50   17
85 146    2    3    3   38    8
85 147    9    3   11   36    9
85 148    4    4    0   15    3
85 149    3    5   10   17    4
85 150    2    4    6   29   11
85 151    3    3    4   10    5
85 152    3    1    3    9    3
85 153    0    1    2    6    2
85 154    0    2    4    6    0
85 155    2    2    5    3    5
85 156    5    1    1    3    2
85 157    4    0    0    1    0
85 158    2    2    0    3    1
85 159    0    0    0    2    1
85 160    0    0    1    3    0
85 161    2    0    0    2    0
85 162    0    0    0    1    1
85 163    0    3    1    2    0
85 164    0    0    0    2    0
85 166    0    0    0    0    1
85 169    0    0    0    1    1
85 170    0    0    0    1    0
86  96    0    0    0    0    1
86 105    1    0    0    0    0
86 106    0    0    0    1    0
86 107    1    0    0    0    0
86 111    0    0    0    1    0
86 113    1    0    0    0    0
86 114    0    1    0    0    0
86 115    1    1    0    0    0
86 116    0    0    0    2    3
86 117    0    0    0    0    1
86 118    0    0    0    0    4
86 119    0    0    0    2    2
86 120    0    0    0    1    4
86 121    0    0    0    1    2
86 122    1    0    2    3    6
86 123    0    0    0    5    4
86 124    1    1    1    8    6
86 125    1    1    1    3    6
86 126    4    1    1    8   21
86 127    0    0    0    2    8
86 128    0    0    1    3   17
86 129    0    1    3   11   20
86 130    0    0    0   17   11
86 131    1    1    1    7   15
86 132    1    2    3   19   36
86 133    0    1    1   11   46
86 134    0    3    3   23   51
86 135    1    3    1   17   35
86 136    2    2    0   33   82
86 137    0    0    0   11   26
86 138    1    0    2   21   64
86 139    1    5    1   23   45
86 140    1    1    4   23   41
86 141    2    2    2   16   48
86 142    3    1    1   14   46
86 143    1    1    0   10   25
86 144    3    0    4   19   40
86 145    2    1    1   13   29
86 146    3    3    1   18   43
86 147    6    3    0    6   11
86 148    3    3    1    6   16
86 149    2    0    0    7   14
86 150    5    2    0    6   21
86 151    0    1    1    4    7
86 152    1    0    0    2    4
86 153    5    0    0    2    4
86 154    3    0    0    5    8
86 155    1    0    0    4    0
86 156    0    2    1    1    3
86 157    2    1    0    1    1
86 158    3    1    0    1    2
86 159    0    1    0    1    2
86 160    1    0    0    2    0
86 161    1    0    1    2    0
86 162    1    0    0    2    0
86 164    1    0    0    1    1
86 165    0    0    0    4    1
86 166    0    0    1    0    0
86 169    0    0    0    1    0
86 170    0    0    1    0    0
