 57.2317 154.5720
 57.2110 154.5614
 57.2053 154.5462
 57.1894 154.5387
 57.1829 154.5302
 57.1638 154.5250
 57.1466 154.5208
 57.1123 154.5205
 57.0976 154.5214
 57.0815 154.5087
 57.0620 154.5084
 57.0501 154.5111
 57.0371 154.5087
 56.9915 154.5235
 56.9862 154.5235
 56.9819 154.5093
 56.9819 154.4908
 56.9740 154.4662
 56.9679 154.4432
 56.9624 154.4108
 56.9546 154.3887
 56.9388 154.3647
 56.9343 154.3559
 56.9344 154.3502
 56.9424 154.3502
 56.9552 154.3420
 56.9591 154.3359
 56.9591 154.3187
 56.9549 154.3108
 56.9513 154.2962
 56.9513 154.2808
 56.9474 154.2702
 56.9430 154.2778
 56.9370 154.2893
 56.9370 154.2984
 56.9413 154.3050
 56.9455 154.3214
 56.9455 154.3320
 56.9408 154.3402
 56.9287 154.3447
 56.9168 154.3181
 56.9084 154.3047
 56.8983 154.2987
 56.8791 154.2953
 56.8586 154.2950
 56.8500 154.2950
 56.8443 154.2950
 56.8383 154.2917
 56.8495 154.2681
 56.8573 154.2575
 56.8630 154.2420
 56.8671 154.2217
 56.8780 154.2220
 56.8830 154.2366
 56.8723 154.2366
 56.8687 154.2487
 56.8573 154.2747
 56.8615 154.2817
 56.8672 154.2817
 56.8721 154.2620
 56.8770 154.2550
 56.8905 154.2587
 56.8976 154.2484
 56.8976 154.2484
 56.8946 154.2402
 56.8921 154.2265
 56.8921 154.2102
 56.9095 154.2059
 56.9206 154.2302
 56.9281 154.2556
 56.9356 154.2481
 56.9325 154.2293
 56.9325 154.2035
 56.9312 154.2053
 56.9313 154.1866
 56.9255 154.1926
 56.9303 154.1669
 56.9378 154.1578
 56.9458 154.1556
 56.9593 154.1502
 56.9666 154.1423
 56.9658 154.1444
 56.9727 154.1544
 56.9805 154.1629
 56.9871 154.1802
 56.9917 154.1550
 57.0068 154.1429
 57.0151 154.1444
 57.0236 154.1444
 57.0236 154.1444
 57.0236 154.1444
 57.0185 154.1778
 57.0316 154.2059
 57.0317 154.1872
 57.0364 154.1808
 57.0242 154.1660
 57.0244 154.1426
 57.0153 154.1250
 57.0259 154.1150
 57.0359 154.1062
 57.0455 154.1111
 57.0568 154.1111
 57.0713 154.0954
 57.0900 154.0932
 57.0976 154.0902
 57.1069 154.0941
 57.1155 154.1044
 57.1155 154.1163
 57.1155 154.1293
 57.1155 154.1381
 57.1054 154.1299
 57.1054 154.1399
 57.1127 154.1499
 57.1095 154.1687
 57.1051 154.1911
 57.1084 154.2190
 57.1082 154.2681
 57.1005 154.2956
 57.0875 154.3217
 57.0774 154.3217
 57.0652 154.3329
 57.0565 154.3450
 57.0504 154.3526
 57.0464 154.3656
 57.0433 154.3793
 57.0504 154.3887
 57.0446 154.4102
 57.0446 154.4278
 57.0529 154.4381
 57.0587 154.4508
 57.0700 154.4723
 57.0753 154.4720
 57.0809 154.4720
 57.0879 154.4796
 57.0971 154.4799
 57.1049 154.4820
 57.1126 154.4708
 57.1176 154.4608
 57.1228 154.4481
 57.1228 154.4171
 57.1101 154.4117
 57.1101 154.4117
 57.1140 154.4063
 57.1184 154.3787
 57.1250 154.3787
 57.1321 154.3681
 57.1321 154.3581
 57.1321 154.3581
 57.1367 154.3593
 57.1407 154.3763
 57.1407 154.3893
 57.1498 154.3820
 57.1456 154.3699
 57.1359 154.3620
 57.1360 154.3517
 57.1409 154.3402
 57.1409 154.3232
 57.1411 154.3050
 57.1360 154.2920
 57.1339 154.2732
 57.1380 154.2526
 57.1432 154.2363
 57.1544 154.2253
 57.1734 154.2193
 57.1734 154.2429
 57.1848 154.2493
 57.1899 154.2344
 57.1899 154.2344
 57.1843 154.2175
 57.1845 154.1935
 57.1845 154.1778
 57.1759 154.1559
 57.1694 154.1641
 57.1739 154.1805
 57.1739 154.2032
 57.1739 154.2156
 57.1547 154.2205
 57.1445 154.2093
 57.1445 154.2093
 57.1406 154.1393
 57.1316 154.1169
 57.1238 154.0972
 57.1158 154.0741
 57.1158 154.0493
 57.1193 154.0287
 57.1193 154.0014
 57.1131 153.9941
 57.1132 153.9732
 57.1168 153.9650
 57.1105 153.9484
 57.1139 153.9314
 57.1178 153.9184
 57.1101 153.9038
 57.1101 153.9235
 57.1144 153.9420
 57.1098 153.9554
 57.1022 153.9738
 57.0988 154.0017
 57.0896 154.0272
 57.0861 154.0399
 57.0805 154.0493
 57.0721 154.0650
 57.0620 154.0738
 57.0563 154.0869
 57.0477 154.0869
 57.0441 154.0944
 57.0325 154.0941
 57.0262 154.0941
 57.0179 154.1029
 57.0085 154.1123
 56.9990 154.1278
 56.9880 154.1350
 56.9842 154.1069
 56.9736 154.1023
 56.9635 154.0893
 56.9611 154.0766
 56.9743 154.0563
 56.9875 154.0447
 56.9997 154.0293
 57.0085 154.0141
 57.0270 153.9993
 57.0356 153.9814
 57.0568 153.9638
 57.0633 153.9517
 57.0717 153.9305
 57.0805 153.9147
 57.0883 153.9005
 57.0975 153.8869
 57.1103 153.8681
 57.1103 153.8538
 57.1171 153.8441
 57.1212 153.8241
 57.1259 153.8178
 57.1355 153.8102
 57.1445 153.7993
 57.1521 153.7847
 57.1554 153.7714
 57.1386 153.7711
 57.1329 153.7711
 57.1329 153.7487
 57.1293 153.7263
 57.1253 153.7441
 57.1253 153.7747
 57.1108 153.7926
 57.1027 153.8023
 57.0934 153.8248
 57.0836 153.8405
 57.0781 153.8463
 57.0810 153.8617
 57.0745 153.8723
 57.0678 153.8908
 57.0589 153.9066
 57.0542 153.9156
 57.0460 153.9057
 57.0423 153.9057
 57.0346 153.9211
 57.0268 153.9260
 57.0089 153.9423
 57.0003 153.9454
 56.9930 153.9617
 56.9844 153.9541
 56.9757 153.9696
 56.9655 153.9611
 56.9525 153.9608
 56.9500 153.9320
 56.9536 153.9063
 56.9591 153.8926
 56.9593 153.8760
 56.9689 153.8714
 56.9852 153.8717
 56.9961 153.8614
 57.0060 153.8529
 57.0198 153.8532
 57.0242 153.8454
 57.0130 153.8357
 57.0076 153.8263
 57.0076 153.8193
 56.9959 153.8287
 56.9959 153.8287
 56.9816 153.8429
 56.9736 153.8548
 56.9653 153.8502
 56.9561 153.8502
 56.9670 153.8232
 56.9741 153.8087
 56.9876 153.7778
 56.9660 153.8038
 56.9505 153.8199
 56.9575 153.8281
 56.9408 153.8341
 56.9316 153.8484
 56.9237 153.8641
 56.9164 153.8820
 56.9131 153.9090
 56.9017 153.9493
 56.8936 153.9647
 56.8843 153.9823
 56.8710 153.9966
 56.8617 153.9963
 56.8627 153.9963
 56.8518 154.0093
 56.8518 154.0269
 56.8516 154.0405
 56.8438 154.0578
 56.8348 154.0726
 56.8269 154.0726
 56.8164 154.0799
 56.8064 154.0911
 56.7972 154.0923
 56.7907 154.0923
 56.7907 154.1066
 56.7821 154.1166
 56.7689 154.1296
 56.7576 154.1296
 56.7489 154.1366
 56.7419 154.1366
 56.7419 154.1135
 56.7419 154.0944
 56.7475 154.0769
 56.7579 154.0566
 56.7660 154.0472
 56.7738 154.0390
 56.7953 154.0393
 56.8026 154.0263
 56.7824 154.0260
 56.7608 154.0354
 56.7561 154.0187
 56.7458 154.0147
 56.7439 153.9935
 56.7440 153.9623
 56.7449 153.9496
 56.7491 153.9369
 56.7636 153.9347
 56.7559 153.9220
 56.7644 153.8975
 56.7784 153.8966
 56.7899 153.8878
 56.7859 153.8672
 56.7929 153.8638
 56.7966 153.8638
 56.8067 153.8463
 56.8129 153.8381
 56.8207 153.8311
 56.8347 153.8302
 56.8431 153.8014
 56.8479 153.7935
 56.8479 153.7781
 56.8345 153.7778
 56.8282 153.7620
 56.8361 153.7529
 56.8430 153.7629
 56.8337 153.7399
 56.8426 153.7281
 56.8509 153.7005
 56.8644 153.6720
 56.8695 153.6811
 56.8762 153.6814
 56.8721 153.7023
 56.8719 153.7238
 56.8540 153.7493
 56.8649 153.7654
 56.8754 153.7611
 56.8806 153.7511
 56.8845 153.7290
 56.8923 153.7102
 56.9033 153.6899
 56.9204 153.6914
 56.9312 153.6917
 56.9404 153.6978
 56.9468 153.6881
 56.9543 153.6799
 56.9689 153.6802
 56.9639 153.6717
 56.9585 153.6717
 56.9587 153.6575
 56.9375 153.6723
 56.9338 153.6614
 56.9282 153.6557
 56.9323 153.6269
 56.9325 153.5902
 56.9439 153.5975
 56.9528 153.5905
 56.9570 153.5908
 56.9613 153.5636
 56.9738 153.5432
 56.9780 153.5357
 56.9958 153.5284
 56.9932 153.5493
 57.0047 153.5745
 57.0093 153.5845
 57.0026 153.5917
 57.0065 153.6163
 57.0063 153.6272
 57.0028 153.6566
 57.0125 153.6363
 57.0185 153.6263
 57.0187 153.6072
 57.0099 153.5996
 57.0224 153.5932
 57.0263 153.5817
 57.0311 153.5817
 57.0363 153.5645
 57.0509 153.5941
 57.0410 153.6029
 57.0488 153.6284
 57.0488 153.6614
 57.0486 153.6929
 57.0517 153.7087
 57.0473 153.7175
 57.0386 153.7381
 57.0386 153.7554
 57.0452 153.7629
 57.0475 153.7420
 57.0509 153.7345
 57.0584 153.7251
 57.0631 153.7060
 57.0558 153.6899
 57.0615 153.6729
 57.0667 153.6587
 57.0740 153.6660
 57.0857 153.6581
 57.0857 153.6420
 57.0781 153.6487
 57.0781 153.6320
 57.0854 153.6029
 57.0903 153.5826
 57.0887 153.5663
 57.0766 153.5423
 57.0722 153.5202
 57.0766 153.5423
 57.0722 153.5202
 57.0628 153.4969
 57.0600 153.4866
 57.0752 153.4736
 57.0826 153.4832
 57.0945 153.4832
 57.1049 153.4963
 57.1140 153.4984
 57.1253 153.5108
 57.1349 153.5005
 57.1508 153.4911
 57.1581 153.4832
 57.1635 153.4911
 57.1593 153.5066
 57.1557 153.5220
 57.1542 153.5378
 57.1653 153.5202
 57.1700 153.5345
 57.1746 153.5063
 57.1780 153.4790
 57.1734 153.4660
 57.1585 153.4657
 57.1456 153.4723
 57.1326 153.4814
 57.1245 153.4736
 57.1321 153.4593
 57.1176 153.4590
 57.1176 153.4590
 57.1067 153.4499
 57.1067 153.4436
 57.1170 153.4369
 57.1175 153.4278
 57.1235 153.4187
 57.1376 153.4069
 57.1474 153.3966
 57.1549 153.3799
 57.1625 153.3705
 57.1632 153.3511
 57.1738 153.3584
 57.1855 153.3684
 57.1996 153.3920
 57.1991 153.3748
 57.1918 153.3545
 57.1868 153.3314
 57.1829 153.3236
 57.1871 153.3139
 57.1935 153.2999
 57.2006 153.2902
 57.2084 153.2902
 57.2084 153.2902
 57.2125 153.2848
 57.2074 153.2796
 57.2074 153.2620
 57.2118 153.2529
 57.2120 153.2439
 57.2182 153.2536
 57.2297 153.2536
 57.2227 153.2436
 57.2227 153.2245
 57.2118 153.2027
 57.2100 153.1420
 57.2100 153.1296
 57.2018 153.1054
 57.2070 153.0899
 57.2070 153.0730
 57.2070 153.0527
 57.2164 153.0351
 57.2244 153.0133
 57.2237 152.9930
 57.2292 152.9857
 57.2325 152.9760
 57.2387 152.9663
 57.2387 152.9508
 57.2436 152.9430
 57.2543 152.9321
 57.2636 152.9484
 57.2727 152.9584
 57.2818 152.9681
 57.2886 152.9796
 57.2961 153.0054
 57.2859 153.0314
 57.2857 153.0605
 57.2823 153.0866
 57.2823 153.0866
 57.2821 153.1024
 57.2869 153.1048
 57.2924 153.1299
 57.2963 153.1508
 57.2956 153.1736
 57.3002 153.1908
 57.3051 153.1723
 57.3051 153.1542
 57.3196 153.1614
 57.3196 153.1614
 57.3366 153.1542
 57.3492 153.1542
 57.3570 153.1445
 57.3456 153.1357
 57.3246 153.1357
 57.3152 153.1354
 57.3109 153.1199
 57.3111 153.0911
 57.3062 153.0911
 57.3106 153.0817
 57.3199 153.0611
 57.3290 153.0454
 57.3292 153.0220
 57.3251 153.0060
 57.3366 152.9978
 57.3368 152.9736
 57.3290 152.9645
 57.3210 152.9490
 57.3257 152.9321
 57.3316 152.9105
 57.3394 152.8924
 57.3438 152.8763
 57.3480 152.8651
 57.3402 152.8569
 57.3306 152.8739
 57.3259 152.8848
 57.3199 152.8908
 57.3104 152.8990
 57.3030 152.8902
 57.2955 152.8827
 57.2870 152.8805
 57.2818 152.8724
 57.2919 152.8630
 57.2995 152.8457
 57.2961 152.8306
 57.2961 152.8306
 57.2873 152.8306
 57.2800 152.8372
 57.2696 152.8481
 57.2696 152.8481
 57.2659 152.8478
 57.2662 152.8293
 57.2634 152.8118
 57.2598 152.8018
 57.2641 152.7933
 57.2812 152.7763
 57.2880 152.7599
 57.3049 152.7424
 57.3062 152.7263
 57.3033 152.7142
 57.2978 152.6978
 57.2849 152.6975
 57.2810 152.6878
 57.2782 152.6966
 57.2782 152.6869
 57.2862 152.6684
 57.2992 152.6521
 57.3069 152.6363
 57.3156 152.6266
 57.3239 152.6160
 57.3241 152.6345
 57.3204 152.6503
 57.3127 152.6772
 57.3222 152.6736
 57.3272 152.6896
 57.3311 152.6627
 57.3350 152.6463
 57.3389 152.6309
 57.3444 152.6142
 57.3571 152.5927
 57.3612 152.6030
 57.3760 152.5963
 57.3843 152.6057
 57.3985 152.6145
 57.4012 152.6333
 57.4012 152.6612
 57.4099 152.6784
 57.4151 152.6939
 57.4151 152.7096
 57.4295 152.7178
 57.4362 152.7275
 57.4481 152.7481
 57.4523 152.7599
 57.4561 152.7754
 57.4561 152.7754
 57.4655 152.8015
 57.4689 152.8072
 57.4644 152.8133
 57.4642 152.8336
 57.4642 152.8336
 57.4642 152.8590
 57.4613 152.8857
 57.4655 152.9030
 57.4601 152.9133
 57.4601 152.9275
 57.4623 152.9454
 57.4546 152.9602
 57.4457 152.9857
 57.4388 152.9999
 57.4325 152.9996
 57.4300 153.0305
 57.4226 153.0427
 57.4442 153.0081
 57.4517 152.9990
 57.4596 152.9854
 57.4644 153.0051
 57.4683 153.0299
 57.4683 152.9996
 57.4684 152.9799
 57.4723 152.9566
 57.4679 152.9293
 57.4679 152.9145
 57.4746 152.8948
 57.4798 152.8820
 57.4870 152.8881
 57.4896 152.9048
 57.4967 152.9157
 57.4966 152.9387
 57.5023 152.9502
 57.5111 152.9602
 57.5150 152.9405
 57.5106 152.9196
 57.5057 152.9054
 57.5007 152.8945
 57.5059 152.8714
 57.5106 152.8490
 57.4998 152.8327
 57.4922 152.8169
 57.4893 152.8002
 57.4893 152.7805
 57.4989 152.7627
 57.5003 152.7430
 57.5003 152.7272
 57.4932 152.7193
 57.4733 152.7075
 57.4733 152.6954
 57.4626 152.6793
 57.4666 152.6666
 57.4579 152.6533
 57.4613 152.6387
 57.4694 152.6227
 57.4743 152.6154
 57.4673 152.5954
 57.4535 152.5848
 57.4440 152.5760
 57.4517 152.5590
 57.4457 152.5481
 57.4413 152.5372
 57.4413 152.5209
 57.4315 152.5072
 57.4388 152.4933
 57.4491 152.4854
 57.4649 152.4775
 57.4649 152.4627
 57.4623 152.4545
 57.4502 152.4472
 57.4445 152.4384
 57.4315 152.4566
 57.4230 152.4769
 57.4193 152.4769
 57.4294 152.4496
 57.4352 152.4297
 57.4354 152.4015
 57.4304 152.3760
 57.4214 152.3454
 57.4167 152.3330
 57.4287 152.3084
 57.4510 152.3200
 57.4409 152.3354
 57.4536 152.3133
 57.4684 152.3136
 57.4771 152.3072
 57.4922 152.3057
 57.5011 152.2942
 57.5156 152.2845
 57.5226 152.2766
 57.5226 152.2578
 57.5308 152.2478
 57.5378 152.2324
 57.5478 152.2181
 57.5545 152.1909
 57.5596 152.2009
 57.5679 152.1833
 57.5792 152.1657
 57.5884 152.1442
 57.5950 152.1588
 57.6093 152.1512
 57.6198 152.1418
 57.6238 152.1603
 57.6238 152.1869
 57.6142 152.1981
 57.6141 152.2142
 57.6134 152.2284
 57.6214 152.2572
 57.6268 152.2597
 57.6181 152.2724
 57.6181 152.2954
 57.6136 152.2969
 57.6232 152.3136
 57.6232 152.3136
 57.6232 152.3233
 57.6163 152.3409
 57.6162 152.3624
 57.6100 152.3681
 57.6054 152.3981
 57.5978 152.3984
 57.5978 152.3984
 57.5859 152.4227
 57.5859 152.4427
 57.5918 152.4560
 57.6002 152.4639
 57.6142 152.4436
 57.6225 152.4275
 57.6390 152.4145
 57.6466 152.4294
 57.6500 152.4294
 57.6543 152.4148
 57.6591 152.4148
 57.6731 152.4009
 57.6819 152.3863
 57.6819 152.4027
 57.6700 152.4148
 57.6645 152.4306
 57.6583 152.4442
 57.6552 152.4572
 57.6492 152.4572
 57.6466 152.4778
 57.6414 152.4824
 57.6502 152.4975
 57.6435 152.5069
 57.6518 152.5142
 57.6557 152.5045
 57.6603 152.4921
 57.6660 152.4763
 57.6713 152.4669
 57.6775 152.4597
 57.6850 152.4675
 57.6990 152.4581
 57.7034 152.4539
 57.7083 152.4651
 57.7143 152.4542
 57.7190 152.4381
 57.7228 152.4315
 57.7273 152.4393
 57.7229 152.4481
 57.7180 152.4742
 57.7164 152.4772
 57.7050 152.4924
 57.7050 152.5039
 57.6979 152.5151
 57.6920 152.5348
 57.6977 152.5509
 57.6977 152.5663
 57.7062 152.5569
 57.7112 152.5430
 57.7159 152.5430
 57.7200 152.5351
 57.7258 152.5260
 57.7367 152.5027
 57.7255 152.5112
 57.7130 152.5190
 57.7332 152.4854
 57.7395 152.4854
 57.7395 152.4760
 57.7459 152.4745
 57.7553 152.4748
 57.7629 152.4681
 57.7717 152.4457
 57.7820 152.4306
 57.7820 152.4163
 57.7891 152.3939
 57.7922 152.3797
 57.7984 152.3572
 57.8052 152.3400
 57.8137 152.3297
 57.8183 152.3215
 57.8183 152.3100
 57.8220 152.3203
 57.8220 152.3203
 57.8160 152.3490
 57.8238 152.3490
 57.8297 152.3415
 57.8375 152.3418
 57.8375 152.3542
 57.8272 152.3636
 57.8225 152.3872
 57.8225 152.3872
 57.8122 152.4127
 57.8121 152.4200
 57.8235 152.4275
 57.8298 152.4342
 57.8375 152.4427
 57.8362 152.4160
 57.8526 152.3890
 57.8573 152.4121
 57.8669 152.4248
 57.8702 152.4397
 57.8755 152.4545
 57.8913 152.4621
 57.8913 152.4621
 57.8954 152.4621
 57.9004 152.4824
 57.9004 152.4824
 57.9053 152.5096
 57.8936 152.5257
 57.9034 152.5257
 57.9034 152.5439
 57.8962 152.5575
 57.9073 152.5772
 57.9198 152.5887
 57.9143 152.6021
 57.9204 152.6160
 57.9151 152.6324
 57.9004 152.6393
 57.8951 152.6254
 57.8863 152.6151
 57.8768 152.6151
 57.8658 152.6145
 57.8563 152.6093
 57.8367 152.6093
 57.8365 152.6245
 57.8572 152.6245
 57.8656 152.6348
 57.8615 152.6442
 57.8711 152.6602
 57.8762 152.6602
 57.8762 152.6299
 57.8762 152.6702
 57.8757 152.6702
 57.8755 152.6890
 57.8619 152.7033
 57.8539 152.7084
 57.8466 152.7084
 57.8407 152.7084
 57.8352 152.7196
 57.8282 152.7193
 57.8210 152.7193
 57.8111 152.7324
 57.8194 152.7406
 57.8274 152.7493
 57.8389 152.7496
 57.8446 152.7645
 57.8482 152.7736
 57.8572 152.7805
 57.8492 152.7936
 57.8407 152.8078
 57.8319 152.8363
 57.8188 152.8436
 57.8067 152.8436
 57.7952 152.8433
 57.7805 152.8433
 57.7735 152.8430
 57.7735 152.8505
 57.7594 152.8442
 57.7434 152.8412
 57.7341 152.8339
 57.7263 152.8339
 57.7205 152.8451
 57.7205 152.8584
 57.7275 152.8672
 57.7364 152.8672
 57.7364 152.8827
 57.7494 152.8990
 57.7628 152.9005
 57.7628 152.9093
 57.7706 152.9093
 57.7753 152.8954
 57.7838 152.8960
 57.7924 152.8860
 57.8025 152.8954
 57.8103 152.9024
 57.8201 152.8984
 57.8321 152.8896
 57.8449 152.8796
 57.8511 152.8651
 57.8511 152.8651
 57.8638 152.8478
 57.8697 152.8412
 57.8650 152.8569
 57.8542 152.8727
 57.8638 152.8775
 57.8733 152.8590
 57.8733 152.8660
 57.8866 152.8339
 57.8866 152.8184
 57.8951 152.8087
 57.9012 152.7978
 57.9024 152.7908
 57.9136 152.7987
 57.9221 152.8254
 57.9305 152.8430
 57.9270 152.8575
 57.9317 152.8739
 57.9370 152.8996
 57.9424 152.9245
 57.9512 152.9248
 57.9512 152.9333
 57.9444 152.9518
 57.9432 152.9742
 57.9473 152.9942
 57.9408 152.9939
 57.9388 152.9863
 57.9312 152.9924
 57.9178 152.9869
 57.9128 152.9781
 57.9126 153.0002
 57.9237 153.0190
 57.9304 153.0311
 57.9377 153.0530
 57.9387 153.0530
 57.9331 153.0621
 57.9331 153.0621
 57.9411 153.0860
 57.9460 153.1039
 57.9506 153.1223
 57.9595 153.1317
 57.9636 153.1478
 57.9683 153.1760
 57.9727 153.2039
 57.9764 153.2123
 57.9798 153.2130
 57.9904 153.2339
 57.9977 153.2487
 58.0013 153.2699
 57.9937 153.2936
 57.9875 153.3051
 57.9875 153.3051
 57.9803 153.2975
 57.9724 153.2875
 57.9642 153.2711
 57.9558 153.2654
 57.9506 153.2566
 57.9460 153.2363
 57.9400 153.2224
 57.9364 153.2030
 57.9309 153.1893
 57.9245 153.1908
 57.9151 153.1651
 57.9068 153.1539
 57.8985 153.1420
 57.8892 153.1278
 57.8752 153.1148
 57.8752 153.1148
 57.8690 153.0999
 57.8627 153.0869
 57.8627 153.0796
 57.8443 153.0787
 57.8394 153.0696
 57.8331 153.0508
 57.8238 153.0387
 57.8121 153.0318
 57.8202 153.0439
 57.8274 153.0693
 57.8368 153.0887
 57.8420 153.1054
 57.8490 153.1054
 57.8573 153.1205
 57.8625 153.1393
 57.8705 153.1614
 57.8757 153.1614
 57.8853 153.1881
 57.8903 153.2111
 57.8903 153.2111
 57.8952 153.2354
 57.8952 153.2354
 57.8799 153.2260
 57.8724 153.2217
 57.8606 153.2121
 57.8515 153.2017
 57.8394 153.1957
 57.8298 153.1902
 57.8215 153.1814
 57.8085 153.1814
 57.7976 153.1757
 57.7878 153.1817
 57.7786 153.1781
 57.7712 153.1778
 57.7618 153.1927
 57.7535 153.1927
 57.7410 153.1924
 57.7340 153.1963
 57.7245 153.1963
 57.7202 153.1872
 57.7091 153.1775
 57.6975 153.1769
 57.6975 153.1875
 57.7119 153.1972
 57.7263 153.2102
 57.7263 153.2199
 57.7333 153.2199
 57.7450 153.2123
 57.7546 153.2121
 57.7704 153.2066
 57.7791 153.2011
 57.7872 153.2063
 57.7904 153.2217
 57.7908 153.2345
 57.7960 153.2445
 57.7958 153.2593
 57.7958 153.2763
 57.7958 153.2905
 57.8002 153.3029
 57.8000 153.3151
 57.8036 153.3278
 57.8079 153.3360
 57.8079 153.3487
 57.8121 153.3617
 57.8181 153.3793
 57.8196 153.3923
 57.8254 153.4008
 57.8293 153.4160
 57.8332 153.4314
 57.8371 153.4496
 57.8371 153.4663
 57.8396 153.4738
 57.8285 153.4802
 57.8166 153.4802
 57.8166 153.4717
 57.8166 153.4717
 57.8033 153.4714
 57.8035 153.4614
 57.7939 153.4614
 57.7849 153.4539
 57.7813 153.4372
 57.7813 153.4284
 57.7813 153.4284
 57.7813 153.4154
 57.7722 153.4014
 57.7673 153.3860
 57.7623 153.3723
 57.7548 153.3642
 57.7550 153.3530
 57.7478 153.3442
 57.7446 153.3290
 57.7324 153.3190
 57.7206 153.3108
 57.7140 153.3048
 57.7060 153.3148
 57.6977 153.3230
 57.7083 153.3317
 57.7026 153.3405
 57.7026 153.3536
 57.7078 153.3675
 57.7143 153.3769
 57.7224 153.3872
 57.7309 153.3872
 57.7390 153.3872
 57.7473 153.3872
 57.7516 153.4020
 57.7585 153.4087
 57.7633 153.4239
 57.7680 153.4363
 57.7636 153.4523
 57.7599 153.4675
 57.7667 153.4808
 57.7712 153.4905
 57.7582 153.4957
 57.7499 153.4902
 57.7400 153.5066
 57.7345 153.5017
 57.7283 153.4954
 57.7231 153.4811
 57.7151 153.4711
 57.7079 153.4566
 57.7003 153.4438
 57.6918 153.4290
 57.6874 153.4290
 57.6961 153.4520
 57.6961 153.4666
 57.7010 153.4748
 57.7052 153.4748
 57.7107 153.5023
 57.7146 153.5148
 57.7044 153.5184
 57.6946 153.5093
 57.6863 153.5090
 57.6769 153.4996
 57.6705 153.4996
 57.6612 153.4993
 57.6554 153.4932
 57.6463 153.4932
 57.6342 153.4854
 57.6245 153.4923
 57.6199 153.4993
 57.6290 153.5005
 57.6375 153.5084
 57.6471 153.5084
 57.6523 153.5208
 57.6603 153.5260
 57.6691 153.5317
 57.6788 153.5317
 57.6871 153.5326
 57.7000 153.5442
 57.7086 153.5378
 57.7171 153.5499
 57.7267 153.5502
 57.7267 153.5502
 57.7267 153.5502
 57.7571 153.5505
 57.7571 153.5505
 57.7621 153.5408
 57.7670 153.5408
 57.7706 153.5493
 57.7810 153.5496
 57.7883 153.5496
 57.7999 153.5517
 57.8155 153.5620
 57.8285 153.5708
 57.8321 153.5860
 57.8388 153.5926
 57.8410 153.6105
 57.8409 153.6278
 57.8500 153.6278
 57.8500 153.6278
 57.8596 153.6445
 57.8598 153.6248
 57.8685 153.6245
 57.8733 153.6187
 57.8788 153.6145
 57.8822 153.6145
 57.8821 153.6438
 57.8821 153.6505
 57.8783 153.6642
 57.8819 153.6814
 57.8794 153.6987
 57.8838 153.7054
 57.8915 153.7139
 57.8990 153.7287
 57.8902 153.7284
 57.8848 153.7496
 57.8799 153.7557
 57.8799 153.7557
 57.8747 153.7557
 57.8744 153.7596
 57.8744 153.7711
 57.8656 153.7872
 57.8694 153.7954
 57.8601 153.8163
 57.8655 153.8287
 57.8702 153.8435
 57.8567 153.8517
 57.8459 153.8517
 57.8363 153.8611
 57.8287 153.8926
 57.8257 153.9011
 57.8205 153.8926
 57.8113 153.9078
 57.8023 153.9347
 57.7968 153.9347
 57.7896 153.9293
 57.7821 153.9293
 57.7717 153.9290
 57.7584 153.9275
 57.7450 153.9269
 57.7322 153.9269
 57.7322 153.9269
 57.7273 153.9344
 57.7241 153.9263
 57.7202 153.9160
 57.7050 153.9160
 57.6997 153.9084
 57.6948 153.9023
 57.6995 153.8781
 57.7029 153.8635
 57.6918 153.8296
 57.6892 153.8211
 57.6938 153.8135
 57.6938 153.7990
 57.6853 153.7823
 57.6848 153.7638
 57.6777 153.7435
 57.6689 153.7084
 57.6645 153.6875
 57.6604 153.6732
 57.6562 153.6557
 57.6482 153.6438
 57.6482 153.6351
 57.6531 153.6278
 57.6461 153.6278
 57.6414 153.6160
 57.6305 153.5969
 57.6215 153.5872
 57.6115 153.5869
 57.6066 153.5787
 57.5989 153.5608
 57.5957 153.5620
 57.5908 153.5442
 57.5927 153.5575
 57.5833 153.5790
 57.5936 153.5790
 57.5978 153.6045
 57.5828 153.6111
 57.6082 153.6254
 57.6149 153.6329
 57.6199 153.6329
 57.6311 153.6535
 57.6354 153.6539
 57.6354 153.6635
 57.6311 153.6717
 57.6357 153.6990
 57.6396 153.7326
 57.6424 153.7593
 57.6409 153.7896
 57.6373 153.8047
 57.6420 153.8302
 57.6430 153.8532
 57.6390 153.8757
 57.6334 153.8663
 57.6271 153.8663
 57.6211 153.8741
 57.6198 153.8593
 57.6119 153.8535
 57.6036 153.8417
 57.5955 153.8244
 57.5864 153.8141
 57.5789 153.7981
 57.5700 153.7881
 57.5599 153.7669
 57.5550 153.7669
 57.5508 153.7417
 57.5470 153.7408
 57.5428 153.7069
 57.5428 153.6887
 57.5353 153.6820
 57.5329 153.6729
 57.5272 153.6729
 57.5236 153.6908
 57.5324 153.7135
 57.5317 153.7278
 57.5371 153.7384
 57.5324 153.7523
 57.5433 153.7690
 57.5503 153.7972
 57.5560 153.7972
 57.5560 153.8057
 57.5524 153.8138
 57.5638 153.8138
 57.5638 153.8241
 57.5703 153.8241
 57.5701 153.8447
 57.5560 153.8366
 57.5597 153.8411
 57.5490 153.8408
 57.5415 153.8335
 57.5314 153.8196
 57.5218 153.8063
 57.5148 153.8063
 57.5072 153.7911
 57.5112 153.8093
 57.5044 153.8187
 57.4980 153.8187
 57.4886 153.8120
 57.4740 153.8075
 57.4590 153.8072
 57.4590 153.8154
 57.4431 153.8154
 57.4268 153.8087
 57.4133 153.8087
 57.4016 153.8011
 57.3913 153.7957
 57.3804 153.7884
 57.3651 153.7678
 57.3581 153.7678
 57.3422 153.7532
 57.3324 153.7532
 57.3226 153.7387
 57.3113 153.7387
 57.3057 153.7275
 57.2995 153.7078
 57.2992 153.6902
 57.2922 153.6745
 57.2854 153.6617
 57.2862 153.6438
 57.2772 153.6263
 57.2719 153.6163
 57.2621 153.6317
 57.2690 153.6448
 57.2781 153.6626
 57.2857 153.7063
 57.2906 153.7144
 57.2904 153.7284
 57.2942 153.7451
 57.3028 153.7663
 57.3101 153.7702
 57.3313 153.7884
 57.3355 153.7963
 57.3401 153.7866
 57.3493 153.8063
 57.3604 153.8150
 57.3719 153.8238
 57.3780 153.8323
 57.3819 153.8326
 57.3885 153.8541
 57.3923 153.8626
 57.3923 153.8469
 57.4009 153.8620
 57.4050 153.8699
 57.4086 153.8787
 57.4248 153.8960
 57.4312 153.8981
 57.4458 153.9120
 57.4582 153.9038
 57.4686 153.9141
 57.4775 153.9187
 57.4893 153.9160
 57.5018 153.9181
 57.5055 153.9120
 57.5268 153.9175
 57.5268 153.9263
 57.5312 153.9429
 57.5360 153.9572
 57.5317 153.9663
 57.5317 153.9814
 57.5268 153.9923
 57.5257 154.0157
 57.5208 154.0396
 57.5168 154.0659
 57.5166 154.0999
 57.5265 154.1002
 57.5319 154.0444
 57.5408 153.9938
 57.5365 153.9860
 57.5460 153.9781
 57.5620 153.9696
 57.5674 153.9696
 57.5753 153.9811
 57.5862 153.9866
 57.5926 153.9775
 57.6051 153.9826
 57.6126 153.9829
 57.6189 153.9829
 57.6268 153.9981
 57.6339 154.0069
 57.6399 154.0269
 57.6437 154.0405
 57.6464 154.0750
 57.6463 154.1211
 57.6468 154.1323
 57.6500 154.1663
 57.6525 154.1902
 57.6564 154.1984
 57.6492 154.2214
 57.6546 154.2359
 57.6450 154.2444
 57.6412 154.2605
 57.6349 154.2632
 57.6308 154.2775
 57.6308 154.2917
 57.6307 154.3065
 57.6264 154.3226
 57.6269 154.3535
 57.6173 154.3535
 57.6098 154.3750
 57.6085 154.3871
 57.6053 154.3944
 57.5893 154.4093
 57.5753 154.4323
 57.5666 154.4478
 57.5570 154.4171
 57.5615 154.4550
 57.5643 154.4826
 57.5683 154.5072
 57.5683 154.5141
 57.5615 154.5184
 57.5464 154.5181
 57.5351 154.5268
 57.5353 154.5114
 57.5265 154.5268
 57.5220 154.5090
 57.5220 154.4926
 57.5181 154.5087
 57.4994 154.5087
 57.5138 154.5265
 57.5223 154.5438
 57.5223 154.5608
 57.5093 154.5859
 57.5010 154.6068
 57.4971 154.6268
 57.4876 154.6362
 57.4823 154.6453
 57.4678 154.6474
 57.4592 154.6553
 57.4460 154.6626
 57.4357 154.6868
 57.4289 154.6993
 57.4237 154.7077
 57.4099 154.7214
 57.4116 154.7053
 57.4043 154.6932
 57.3828 154.7065
 57.3711 154.7141
 57.3578 154.7180
 57.3529 154.7184
 57.3345 154.6965
 57.3389 154.7138
 57.3389 154.7138
 57.3428 154.7396
 57.3510 154.7608
 57.3586 154.7708
 57.3584 154.7835
 57.3423 154.7929
 57.3270 154.7768
 57.3200 154.7559
 57.3109 154.7438
 57.2963 154.7520
 57.2882 154.7444
 57.2795 154.7553
 57.2729 154.7696
 57.2831 154.7799
 57.2779 154.7926
 57.2704 154.7741
 57.2699 154.7447
 57.2618 154.7347
 57.2675 154.7274
 57.2745 154.7087
 57.2745 154.6826
 57.2672 154.6729
 57.2572 154.6726
 57.2572 154.6517
 57.2652 154.6390
 57.2624 154.6196
 57.2475 154.5959
 57.2411 154.5820
 57.2348 154.5744
 57.2281 154.5744
 57.2317 154.5720
 NA      NA
 56.9988 153.2451
 57.0042 153.2348
 57.0005 153.2272
 57.0167 153.2114
 57.0314 153.1948
 57.0420 153.1951
 57.0525 153.1951
 57.0524 153.2063
 57.0634 153.2148
 57.0740 153.2072
 57.0859 153.1842
 57.0919 153.1602
 57.0976 153.1417
 57.0921 153.1236
 57.0870 153.1105
 57.0937 153.0839
 57.1027 153.0842
 57.1023 153.0563
 57.1137 153.0354
 57.1193 153.0242
 57.1336 153.0163
 57.1336 153.0090
 57.1233 153.0087
 57.1178 152.9899
 57.1180 152.9499
 57.1131 152.9499
 57.1230 152.9172
 57.1230 152.9017
 57.1399 152.8717
 57.1466 152.8630
 57.1555 152.8705
 57.1599 152.8705
 57.1598 152.9045
 57.1609 152.9181
 57.1673 152.9181
 57.1725 152.9336
 57.1796 152.9393
 57.1796 152.9802
 57.1731 152.9993
 57.1637 153.0021
 57.1607 153.0245
 57.1606 153.0424
 57.1430 153.0672
 57.1349 153.0687
 57.1245 153.0787
 57.1087 153.0787
 57.1196 153.0972
 57.1287 153.0902
 57.1368 153.0902
 57.1518 153.0714
 57.1607 153.0717
 57.1607 153.0657
 57.1760 153.0584
 57.1817 153.0548
 57.1785 153.0736
 57.1710 153.1130
 57.1616 153.1236
 57.1531 153.1499
 57.1463 153.1745
 57.1303 153.2008
 57.1373 153.2078
 57.1664 153.1675
 57.1713 153.1614
 57.1769 153.1620
 57.1876 153.1708
 57.1928 153.1787
 57.1843 153.1939
 57.1759 153.2157
 57.1912 153.2020
 57.1957 153.2121
 57.2019 153.2039
 57.2065 153.2039
 57.1995 153.2342
 57.2042 153.2551
 57.1956 153.2651
 57.1834 153.2651
 57.1762 153.2648
 57.1762 153.2778
 57.1622 153.2881
 57.1508 153.3130
 57.1438 153.3214
 57.1272 153.3432
 57.1124 153.3720
 57.1085 153.3826
 57.0997 153.3826
 57.1087 153.3536
 57.1087 153.3202
 57.0975 153.3478
 57.0919 153.3475
 57.0851 153.3769
 57.0828 153.3769
 57.0748 153.3896
 57.0667 153.3893
 57.0547 153.3893
 57.0647 153.3711
 57.0698 153.3596
 57.0826 153.3393
 57.0900 153.3242
 57.0992 153.2866
 57.1035 153.2723
 57.0962 153.2720
 57.0913 153.2811
 57.0815 153.3072
 57.0730 153.3072
 57.0625 153.3248
 57.0525 153.3326
 57.0525 153.3411
 57.0423 153.3411
 57.0387 153.3175
 57.0387 153.3087
 57.0387 153.3087
 57.0389 153.2939
 57.0330 153.2939
 57.0294 153.3060
 57.0203 153.3166
 57.0026 153.3420
 57.0026 153.3211
 56.9956 153.3211
 56.9956 153.3060
 56.9894 153.2966
 56.9894 153.2884
 56.9951 153.2817
 56.9951 153.2657
 56.9993 153.2481
 56.9988 153.2451
 NA      NA
 57.8890 152.3775
 57.8856 152.3500
 57.8951 152.3503
 57.9037 152.3297
 57.9104 152.3297
 57.9104 152.3212
 57.9221 152.3460
 57.9268 152.3633
 57.9217 152.3748
 57.9217 152.3903
 57.9309 152.4054
 57.9271 152.4196
 57.9354 152.4315
 57.9388 152.4451
 57.9388 152.4215
 57.9390 152.4121
 57.9442 152.4039
 57.9481 152.4206
 57.9592 152.4312
 57.9592 152.4151
 57.9665 152.4069
 57.9704 152.4069
 57.9702 152.4245
 57.9668 152.4369
 57.9610 152.4445
 57.9525 152.4569
 57.9566 152.4806
 57.9488 152.4806
 57.9453 152.4633
 57.9364 152.4906
 57.9274 152.5005
 57.9108 152.5160
 57.9204 152.4987
 57.9204 152.4881
 57.9105 152.4793
 57.9107 152.4639
 57.9065 152.4639
 57.9017 152.4397
 57.9019 152.4130
 57.9019 152.3987
 57.8982 152.3903
 57.8910 152.3818
 57.8871 152.3760
 57.8890 152.3775
 NA      NA
 57.9180 152.7715
 57.9231 152.7630
 57.9323 152.7463
 57.9392 152.7315
 57.9436 152.7369
 57.9543 152.7372
 57.9619 152.7372
 57.9706 152.7505
 57.9706 152.7424
 57.9649 152.7266
 57.9649 152.7199
 57.9751 152.7287
 57.9751 152.7184
 57.9836 152.7187
 57.9888 152.7187
 57.9886 152.7339
 57.9797 152.7469
 57.9761 152.7542
 57.9761 152.7802
 57.9724 152.7881
 57.9724 152.8112
 57.9712 152.8436
 57.9585 152.8563
 57.9509 152.8563
 57.9377 152.8457
 57.9421 152.8330
 57.9318 152.8166
 57.9318 152.8087
 57.9247 152.8087
 57.9247 152.7996
 57.9242 152.7902
 57.9190 152.7860
 57.9143 152.7778
 57.9187 152.7681
 57.9180 152.7715
 NA      NA
 57.9769 152.9781
 57.9787 152.9790
 57.9787 152.9790
 57.9787 152.9518
 57.9813 152.9339
 57.9852 152.9239
 57.9984 152.9239
 58.0038 152.9242
 58.0153 152.9572
 58.0287 152.9951
 58.0311 153.0084
 58.0311 153.0172
 58.0417 153.0333
 58.0306 153.0330
 58.0306 153.0330
 58.0252 153.0508
 58.0252 153.0669
 58.0352 153.0442
 58.0542 153.0596
 58.0643 153.0687
 58.0767 153.0827
 58.0871 153.0875
 58.0954 153.1014
 58.0973 153.1111
 58.0918 153.1402
 58.0955 153.1660
 58.0955 153.1805
 58.1022 153.1884
 58.1022 153.1957
 58.1141 153.2048
 58.1277 153.2299
 58.1390 153.2514
 58.1478 153.2617
 58.1517 153.2742
 58.1456 153.2887
 58.1443 153.3026
 58.1442 153.3166
 58.1364 153.3166
 58.1289 153.3163
 58.1206 153.3387
 58.1168 153.3369
 58.1095 153.3369
 58.1027 153.3369
 58.0986 153.3475
 58.0986 153.3590
 58.0889 153.3727
 58.0832 153.3926
 58.0832 153.3926
 58.0801 153.3951
 58.0692 153.4126
 58.0618 153.4208
 58.0589 153.4163
 58.0516 153.3805
 58.0469 153.3648
 58.0410 153.3599
 58.0410 153.3427
 58.0410 153.3427
 58.0464 153.3317
 58.0492 153.3217
 58.0452 153.3136
 58.0540 153.2914
 58.0540 153.2914
 58.0483 153.2836
 58.0485 153.2590
 58.0485 153.2502
 58.0485 153.2417
 58.0485 153.2339
 58.0558 153.2339
 58.0645 153.2548
 58.0745 153.2636
 58.0828 153.2787
 58.0906 153.2790
 58.0906 153.2717
 58.0807 153.2569
 58.0708 153.2423
 58.0656 153.2251
 58.0519 153.2202
 58.0417 153.2117
 58.0308 153.2011
 58.0273 153.1799
 58.0264 153.1514
 58.0182 153.1320
 58.0095 153.1021
 57.9997 153.0772
 57.9916 153.0514
 57.9878 153.0275
 57.9837 152.9975
 57.9803 152.9793
 57.9769 152.9781
 NA      NA
 57.4484 153.8260
 57.4583 153.8329
 57.4670 153.8238
 57.4810 153.8238
 57.4919 153.8332
 57.5036 153.8335
 57.5072 153.8393
 57.5073 153.8317
 57.5164 153.8235
 57.5281 153.8354
 57.5281 153.8435
 57.5379 153.8517
 57.5430 153.8614
 57.5278 153.8760
 57.5246 153.8675
 57.5015 153.8729
 57.5013 153.8902
 57.4880 153.8899
 57.4741 153.8820
 57.4598 153.8669
 57.4484 153.8829
 57.4287 153.8535
 57.4209 153.8296
 57.4362 153.8296
 57.4470 153.8260
 57.4484 153.8260
 NA      NA
 58.0605 152.6821
 58.0687 152.6645
 58.0687 152.6499
 58.0768 152.6681
 58.0768 152.6430
 58.0832 152.6263
 58.0950 152.6266
 58.1030 152.6181
 58.1103 152.6181
 58.1144 152.6090
 58.1227 152.6093
 58.1303 152.6093
 58.1388 152.5945
 58.1437 152.6063
 58.1569 152.5972
 58.1569 152.5972
 58.1569 152.5972
 58.1796 152.5930
 58.1933 152.5930
 58.2091 152.5933
 58.2091 152.5827
 58.1930 152.5824
 58.2202 152.5678
 58.2138 152.5521
 58.1995 152.5627
 58.1866 152.5572
 58.1720 152.5569
 58.1585 152.5569
 58.1474 152.5569
 58.1404 152.5475
 58.1321 152.5636
 58.1165 152.5718
 58.1081 152.5639
 58.0981 152.5563
 58.0889 152.5481
 58.0854 152.5369
 58.0955 152.5372
 58.0955 152.5281
 58.1214 152.5181
 58.1214 152.5045
 58.1357 152.4796
 58.1321 152.4518
 58.1466 152.4400
 58.1339 152.4318
 58.1300 152.4212
 58.1344 152.4097
 58.1238 152.3954
 58.1325 152.3812
 58.1325 152.3690
 58.1297 152.3554
 58.1297 152.3454
 58.1217 152.3454
 58.1165 152.3451
 58.1025 152.3363
 58.1025 152.3300
 58.1147 152.3233
 58.1302 152.3060
 58.1302 152.2824
 58.1253 152.2684
 58.1359 152.2506
 58.1440 152.2681
 58.1530 152.2897
 58.1603 152.3054
 58.1520 152.3103
 58.1561 152.3324
 58.1639 152.3324
 58.1639 152.3115
 58.1683 152.3115
 58.1740 152.3242
 58.1821 152.3145
 58.1899 152.3493
 58.1977 152.3681
 58.2065 152.3478
 58.2002 152.3363
 58.1928 152.3284
 58.1901 152.3124
 58.1845 152.2894
 58.2024 152.2812
 58.2112 152.2897
 58.2163 152.3027
 58.2161 152.3184
 58.2236 152.3260
 58.2236 152.3260
 58.2304 152.3094
 58.2402 152.3175
 58.2538 152.3175
 58.2540 152.2912
 58.2540 152.2827
 58.2447 152.2609
 58.2628 152.2739
 58.2713 152.2800
 58.2623 152.2572
 58.2532 152.2445
 58.2639 152.2378
 58.2753 152.2506
 58.2753 152.2460
 58.2600 152.2318
 58.2457 152.2315
 58.2390 152.2315
 58.2294 152.2130
 58.2164 152.2045
 58.2067 152.2197
 58.1922 152.1975
 58.1793 152.1912
 58.1751 152.1678
 58.1849 152.1539
 58.1785 152.1387
 58.1606 152.1309
 58.1653 152.1181
 58.1600 152.1057
 58.1526 152.1057
 58.1486 152.0909
 58.1619 152.0745
 58.1710 152.0639
 58.1793 152.0475
 58.1883 152.0381
 58.1966 152.0542
 58.2016 152.0542
 58.2164 152.0366
 58.2200 152.0233
 58.2112 152.0051
 58.2159 151.9884
 58.2307 151.9763
 58.2346 151.9678
 58.2433 151.9678
 58.2470 151.9851
 58.2542 151.9851
 58.2542 151.9709
 58.2690 151.9618
 58.2843 151.9618
 58.2900 151.9778
 58.2978 151.9694
 58.3165 151.9603
 58.3331 151.9669
 58.3407 151.9518
 58.3479 151.9697
 58.3541 151.9697
 58.3590 151.9827
 58.3414 152.0024
 58.3184 152.0166
 58.2981 152.0300
 58.2896 152.0412
 58.2848 152.0484
 58.2735 152.0484
 58.2734 152.0712
 58.3061 152.0642
 58.3236 152.0569
 58.3236 152.0721
 58.3082 152.0824
 58.2905 152.1015
 58.2815 152.1054
 58.2543 152.1051
 58.2451 152.1233
 58.2319 152.1233
 58.2228 152.1230
 58.2228 152.1381
 58.2543 152.1454
 58.2621 152.1454
 58.2843 152.1387
 58.2890 152.1288
 58.3044 152.1360
 58.3259 152.1178
 58.3417 152.1078
 58.3471 152.1178
 58.3560 152.1033
 58.3721 152.0991
 58.3801 152.0818
 58.3804 152.0963
 58.3798 152.1266
 58.3941 152.1136
 58.4021 152.1139
 58.4089 152.1239
 58.3988 152.1378
 58.3886 152.1378
 58.3884 152.1488
 58.3775 152.1703
 58.3647 152.1854
 58.3647 152.1997
 58.3448 152.1997
 58.3676 152.2245
 58.3697 152.2348
 58.3503 152.2348
 58.3503 152.2375
 58.3625 152.2554
 58.3624 152.2675
 58.3708 152.2512
 58.3839 152.2642
 58.3892 152.2397
 58.4048 152.2515
 58.4094 152.2681
 58.4192 152.2636
 58.4229 152.2818
 58.4351 152.2821
 58.4351 152.3021
 58.4351 152.3127
 58.4193 152.3127
 58.4192 152.3284
 58.4192 152.3284
 58.4319 152.3497
 58.4319 152.3497
 58.4206 152.3515
 58.4089 152.3412
 58.3987 152.3409
 58.3990 152.3587
 58.3863 152.3578
 58.3731 152.3578
 58.3668 152.3575
 58.3559 152.3439
 58.3643 152.3615
 58.3681 152.3915
 58.3564 152.3754
 58.3420 152.3612
 58.3274 152.3672
 58.3150 152.3981
 58.3057 152.4212
 58.2957 152.4427
 58.3236 152.4042
 58.3332 152.3963
 58.3441 152.4051
 58.3588 152.4051
 58.3588 152.4178
 58.3684 152.4178
 58.3790 152.4275
 58.3843 152.4463
 58.3729 152.4469
 58.3655 152.4466
 58.3537 152.4633
 58.3415 152.4784
 58.3555 152.4939
 58.3697 152.4939
 58.3827 152.4942
 58.3982 152.4751
 58.4087 152.4642
 58.4154 152.4642
 58.4153 152.4881
 58.4213 152.4881
 58.4263 152.5048
 58.4198 152.5151
 58.4203 152.5284
 58.4255 152.5360
 58.4375 152.5178
 58.4527 152.5054
 58.4633 152.4921
 58.4719 152.4848
 58.4758 152.4848
 58.4815 152.5063
 58.4716 152.5354
 58.4637 152.5603
 58.4833 152.5603
 58.4769 152.5781
 58.4707 152.5936
 58.4572 152.6024
 58.4678 152.6181
 58.4800 152.6084
 58.4877 152.6187
 58.4875 152.6442
 58.4956 152.6575
 58.4859 152.6675
 58.4580 152.6672
 58.4580 152.6672
 58.4447 152.6742
 58.4349 152.6742
 58.4276 152.6975
 58.4501 152.7039
 58.4740 152.7260
 58.4620 152.7381
 58.4444 152.7548
 58.4320 152.7787
 58.4221 152.7675
 58.4096 152.7605
 58.3969 152.7602
 58.3969 152.7796
 58.4117 152.7799
 58.4190 152.7799
 58.4188 152.7948
 58.4125 152.8196
 58.4125 152.8418
 58.4169 152.8690
 58.4222 152.8830
 58.4109 152.8830
 58.3988 152.8663
 58.3886 152.8481
 58.3829 152.8251
 58.3754 152.8060
 58.3756 152.7778
 58.3756 152.7706
 58.3661 152.7587
 58.3586 152.7493
 58.3550 152.7475
 58.3550 152.7475
 58.3446 152.7112
 58.3445 152.7651
 58.3541 152.7884
 58.3541 152.7999
 58.3419 152.8075
 58.3298 152.7772
 58.3222 152.7693
 58.3222 152.7536
 58.3222 152.7757
 58.2963 152.7754
 58.2846 152.7624
 58.2747 152.7545
 58.2660 152.7248
 58.2685 152.7575
 58.2446 152.7572
 58.2446 152.7699
 58.2838 152.7890
 58.2900 152.8181
 58.2898 152.8433
 58.2898 152.8563
 58.2955 152.8651
 58.2849 152.8802
 58.2704 152.8714
 58.2704 152.8893
 58.2400 152.8890
 58.2760 152.9048
 58.2797 152.9202
 58.2882 152.9205
 58.2882 152.9399
 58.2880 152.9499
 58.2960 152.9881
 58.3030 152.9960
 58.3079 153.0166
 58.3079 153.0323
 58.3137 153.0478
 58.2945 153.0581
 58.2781 153.0730
 58.2756 153.0908
 58.2584 153.1066
 58.2488 153.0784
 58.2385 153.0623
 58.2285 153.0242
 58.2216 153.0102
 58.2086 152.9945
 58.1974 152.9633
 58.1974 152.9312
 58.1862 152.9093
 58.1777 152.9093
 58.1666 152.8708
 58.1557 152.8521
 58.1731 152.9130
 58.1670 152.9218
 58.1940 152.9763
 58.1940 152.9927
 58.1624 152.9924
 58.1764 153.0127
 58.1953 153.0127
 58.2055 153.0339
 58.1933 153.0618
 58.2024 153.0918
 58.2073 153.1072
 58.2106 153.1387
 58.2179 153.1675
 58.2088 153.2102
 58.1684 153.2272
 58.1526 153.2060
 58.1382 153.1890
 58.1255 153.1599
 58.1098 153.1596
 58.1100 153.1242
 58.1193 153.1090
 58.1098 153.0775
 58.1146 153.0323
 58.1038 153.0745
 58.0783 153.0584
 58.0596 153.0336
 58.0435 153.0163
 58.0350 152.9830
 58.0396 152.9730
 58.0285 152.9490
 58.0202 152.9296
 58.0060 152.9084
 58.0003 152.8778
 57.9929 152.8524
 57.9904 152.8224
 57.9972 152.8224
 57.9933 152.7930
 57.9935 152.7796
 58.0067 152.7708
 58.0174 152.7521
 58.0293 152.7669
 58.0448 152.7672
 58.0638 152.7812
 58.0703 152.7812
 58.0783 152.7948
 58.0835 152.8230
 58.0910 152.8484
 58.1027 152.8957
 58.1076 152.9233
 58.1173 152.9445
 58.1360 152.9866
 58.1360 152.9827
 58.1211 152.9221
 58.1056 152.8857
 58.0902 152.8551
 58.0788 152.8160
 58.0788 152.7878
 58.0788 152.7878
 58.0773 152.7657
 58.0905 152.7575
 58.0586 152.7569
 58.0542 152.7330
 58.0544 152.7048
 58.0589 152.6909
 58.0589 152.6808
 58.0605 152.6821
 NA      NA
 58.4831 152.5281
 58.4831 152.5281
 58.4870 152.4987
 58.4818 152.4748
 58.4925 152.4566
 58.4995 152.4469
 58.5155 152.4312
 58.5248 152.4157
 58.5300 152.4124
 58.5384 152.4106
 58.5458 152.3915
 58.5293 152.3912
 58.5430 152.3742
 58.5431 152.3603
 58.5505 152.3603
 58.5531 152.3778
 58.5649 152.3778
 58.5789 152.3645
 58.5872 152.3430
 58.5872 152.3451
 58.6107 152.3312
 58.6029 152.3524
 58.6193 152.3439
 58.6292 152.3357
 58.6424 152.3357
 58.6466 152.3200
 58.6465 152.3793
 58.6391 152.3793
 58.6391 152.4012
 58.6273 152.4130
 58.6193 152.4127
 58.6029 152.4278
 58.5894 152.4448
 58.5661 152.4581
 58.5754 152.4693
 58.5918 152.4533
 58.5916 152.4784
 58.6066 152.4897
 58.6066 152.5157
 58.5916 152.5221
 58.5859 152.5057
 58.5858 152.5287
 58.5695 152.5572
 58.5568 152.5739
 58.5568 152.5739
 58.5645 152.5918
 58.5386 152.6248
 58.5254 152.6536
 58.5204 152.6348
 58.5184 152.6481
 58.5130 152.6363
 58.5189 152.6212
 58.5060 152.6208
 58.5015 152.5957
 58.5017 152.5736
 58.4880 152.5521
 58.4867 152.5387
 58.4844 152.5218
 58.4831 152.5281
 NA      NA
 58.6302 152.4369
 58.6380 152.4403
 58.6435 152.4403
 58.6478 152.4581
 58.6343 152.4581
 58.6292 152.4663
 58.6252 152.4660
 58.6295 152.4793
 58.6100 152.4506
 58.6100 152.4706
 58.6199 152.4842
 58.6086 152.4842
 58.6016 152.4672
 58.5972 152.4566
 58.5972 152.4566
 58.5972 152.4457
 58.6133 152.4351
 58.6255 152.4245
 58.6294 152.4387
 58.6302 152.4369
 NA      NA
 58.6328 152.5521
 58.6356 152.5645
 58.6335 152.5687
 58.6227 152.5793
 58.6164 152.5842
 58.6195 152.6118
 58.6071 152.6118
 58.5999 152.6254
 58.5998 152.6402
 58.5944 152.6399
 58.5946 152.6233
 58.5863 152.6233
 58.5861 152.6481
 58.5781 152.6730
 58.5759 152.6542
 58.5663 152.6539
 58.5708 152.6405
 58.5739 152.6257
 58.5767 152.6136
 58.5687 152.6233
 58.5612 152.6324
 58.5563 152.6481
 58.5563 152.6609
 58.5461 152.6609
 58.5461 152.6478
 58.5505 152.6412
 58.5392 152.6360
 58.5433 152.6336
 58.5488 152.6257
 58.5557 152.6145
 58.5557 152.6042
 58.5640 152.6042
 58.5682 152.6042
 58.5682 152.6169
 58.5755 152.6063
 58.5825 152.6063
 58.5825 152.6090
 58.5890 152.6112
 58.5967 152.6024
 58.6046 152.6027
 58.5957 152.5872
 58.5861 152.6030
 58.5861 152.5869
 58.5926 152.5781
 58.5926 152.5678
 58.5994 152.5681
 58.6027 152.5621
 58.6108 152.5621
 58.6191 152.5524
 58.6191 152.5442
 58.6252 152.5442
 58.6328 152.5509
 58.6328 152.5521
 NA      NA
 58.5781 152.5760
 58.5664 152.5757
 58.5752 152.5615
 58.5864 152.5412
 58.6102 152.5354
 58.6138 152.5548
 58.5955 152.5545
 58.5868 152.5666
 58.5770 152.5797
 58.5781 152.5760
 NA      NA
 58.1761 151.8418
 58.1707 151.8512
 58.1707 151.8691
 58.1829 151.8694
 58.1974 151.8927
 58.2013 151.8821
 58.2083 151.8757
 58.2171 151.8903
 58.2213 151.8839
 58.2213 151.8681
 58.2293 151.8603
 58.2403 151.8606
 58.2454 151.8618
 58.2563 151.8618
 58.2643 151.8621
 58.2643 151.8497
 58.2678 151.8427
 58.2704 151.8357
 58.2652 151.8169
 58.2576 151.8015
 58.2350 151.7954
 58.2117 151.8012
 58.2019 151.8042
 58.1941 151.8160
 58.1857 151.8312
 58.1761 151.8418
 NA      NA
 56.4027 154.7450
 56.4043 154.7329
 56.4134 154.7171
 56.4300 154.6990
 56.4373 154.6729
 56.4516 154.6650
 56.4663 154.6353
 56.4661 154.6338
 56.4754 154.6156
 56.4814 154.6041
 56.4881 154.5799
 56.4928 154.5602
 56.5005 154.5365
 56.5024 154.5144
 56.5037 154.4947
 56.5084 154.4778
 56.5130 154.4720
 56.5145 154.4769
 56.5216 154.4769
 56.5228 154.4965
 56.5193 154.5081
 56.5281 154.5165
 56.5283 154.4987
 56.5395 154.5059
 56.5473 154.5059
 56.5477 154.5184
 56.5398 154.5317
 56.5517 154.5329
 56.5569 154.5284
 56.5847 154.5287
 56.5948 154.5181
 56.5950 154.4971
 56.5994 154.4971
 56.5926 154.4668
 56.5893 154.4381
 56.5756 154.4378
 56.5727 154.4217
 56.5623 154.4426
 56.5576 154.4362
 56.5525 154.4362
 56.5436 154.4526
 56.5387 154.4526
 56.5350 154.4290
 56.5433 154.4135
 56.5475 154.3944
 56.5586 154.3871
 56.5672 154.3972
 56.5732 154.4138
 56.5804 154.4138
 56.5804 154.4138
 56.5725 154.3923
 56.5882 154.4165
 56.5960 154.4353
 56.5996 154.4526
 56.6041 154.4771
 56.6039 154.5129
 56.5979 154.5308
 56.5877 154.5384
 56.5773 154.5705
 56.5639 154.5914
 56.5475 154.6347
 56.5291 154.6762
 56.5151 154.7062
 56.5140 154.7090
 56.4998 154.7238
 56.4897 154.7356
 56.4756 154.7514
 56.4756 154.7514
 56.4718 154.7583
 56.4647 154.7583
 56.4525 154.7765
 56.4479 154.7768
 56.4383 154.7935
 56.4334 154.8008
 56.4264 154.8008
 56.4209 154.7929
 56.4123 154.7835
 56.4085 154.7662
 56.4028 154.7541
 56.4028 154.7487
 56.4027 154.7450
 NA      NA
 56.4925 154.2429
 56.4961 154.2229
 56.5036 154.1914
 56.5141 154.1563
 56.5107 154.1335
 56.5065 154.1160
 56.5032 154.1038
 56.5008 154.0966
 56.5039 154.0829
 56.5070 154.0741
 56.5019 154.0475
 56.5006 154.0390
 56.5044 154.0308
 56.5114 154.0208
 56.5114 154.0208
 56.5097 154.0144
 56.5097 153.9984
 56.5099 153.9914
 56.5078 153.9854
 56.5052 153.9793
 56.5050 153.9863
 56.5050 153.9863
 56.5102 153.9547
 56.5107 153.9357
 56.5203 153.9244
 56.5267 153.9002
 56.5350 153.8914
 56.5350 153.8872
 56.5394 153.8802
 56.5465 153.8723
 56.5509 153.8593
 56.5603 153.8575
 56.5670 153.8669
 56.5655 153.9032
 56.5655 153.9117
 56.5571 153.9202
 56.5517 153.9138
 56.5468 153.9357
 56.5517 153.9353
 56.5582 153.9353
 56.5618 153.9272
 56.5616 153.9441
 56.5654 153.9538
 56.5573 153.9681
 56.5525 153.9790
 56.5558 153.9929
 56.5558 154.0235
 56.5483 154.0314
 56.5483 154.0314
 56.5400 154.0314
 56.5226 154.0399
 56.5320 154.0490
 56.5433 154.0490
 56.5483 154.0590
 56.5379 154.0787
 56.5302 154.0908
 56.5239 154.1075
 56.5179 154.1141
 56.5125 154.1311
 56.5125 154.1399
 56.5161 154.1399
 56.5267 154.1275
 56.5324 154.1190
 56.5465 154.1096
 56.5465 154.1038
 56.5354 154.1038
 56.5359 154.0975
 56.5402 154.0878
 56.5463 154.0890
 56.5525 154.0666
 56.5561 154.0666
 56.5524 154.0890
 56.5638 154.0990
 56.5673 154.0917
 56.5745 154.0838
 56.5870 154.0735
 56.5870 154.0735
 56.5607 154.0393
 56.5865 154.0723
 56.5979 154.0726
 56.6098 154.0808
 56.6147 154.0850
 56.6178 154.0966
 56.6142 154.1226
 56.6096 154.1405
 56.6066 154.1823
 56.6119 154.1896
 56.6118 154.2108
 56.6109 154.2159
 56.6137 154.2235
 56.6066 154.2414
 56.6022 154.2602
 56.6022 154.2602
 56.6012 154.2753
 56.5917 154.2938
 56.5917 154.2938
 56.5862 154.3032
 56.5786 154.3172
 56.5701 154.3320
 56.5597 154.3399
 56.5524 154.3396
 56.5485 154.3514
 56.5429 154.3650
 56.5385 154.3547
 56.5387 154.3423
 56.5428 154.3329
 56.5361 154.3465
 56.5221 154.3299
 56.5148 154.3105
 56.5066 154.2914
 56.4980 154.2717
 56.4944 154.2569
 56.4948 154.2450
 56.4917 154.2390
 56.4925 154.2429
 NA      NA
 58.2892 152.7827
 58.3100 152.7915
 58.3212 152.8045
 58.3212 152.8163
 58.3308 152.8263
 58.3347 152.8263
 58.3347 152.8402
 58.3417 152.8475
 58.3417 152.8742
 58.3489 152.8860
 58.3487 152.9021
 58.3479 152.9218
 58.3347 152.9308
 58.3232 152.9166
 58.3131 152.9066
 58.3092 152.8808
 58.3126 152.8730
 58.3072 152.8499
 58.3005 152.8224
 58.2975 152.8099
 58.2906 152.8006
 58.2892 152.7830
 58.2892 152.7827
 NA      NA
 57.7943 153.2093
 57.8017 153.2054
 57.8087 153.2057
 57.8131 153.2017
 57.8194 153.2114
 57.8284 153.2114
 57.8358 153.2202
 57.8433 153.2202
 57.8497 153.2375
 57.8567 153.2308
 57.8609 153.2481
 57.8692 153.2554
 57.8778 153.2554
 57.8830 153.2617
 57.8900 153.2763
 57.8967 153.2817
 57.9016 153.2817
 57.9029 153.2972
 57.9029 153.3087
 57.9141 153.3239
 57.9175 153.3381
 57.9242 153.3442
 57.9294 153.3539
 57.9304 153.3611
 57.9299 153.3775
 57.9418 153.3863
 57.9468 153.4114
 57.9497 153.4296
 57.9553 153.4363
 57.9538 153.4505
 57.9566 153.4590
 57.9650 153.4611
 57.9694 153.4666
 57.9693 153.4966
 57.9598 153.5038
 57.9598 153.5181
 57.9444 153.5178
 57.9369 153.5299
 57.9247 153.5354
 57.9108 153.5178
 57.9042 153.5105
 57.9008 153.4887
 57.8954 153.4902
 57.8864 153.4690
 57.8783 153.4639
 57.8695 153.4396
 57.8724 153.4163
 57.8672 153.4063
 57.8617 153.4060
 57.8617 153.3923
 57.8541 153.3923
 57.8544 153.3702
 57.8495 153.3469
 57.8469 153.3305
 57.8409 153.2996
 57.8360 153.3184
 57.8282 153.3226
 57.8214 153.3108
 57.8181 153.2960
 57.8181 153.2827
 57.8149 153.2708
 57.8056 153.2708
 57.7991 153.2672
 57.8062 153.2554
 57.8062 153.2384
 57.7996 153.2251
 57.7943 153.2093
 NA      NA
 55.9140 155.5806
 55.9139 155.5837
 55.9051 155.6191
 55.8970 155.6382
 55.8890 155.6338
 55.8770 155.6347
 55.8584 155.6561
 55.8482 155.6727
 55.8394 155.6905
 55.8280 155.7172
 55.8209 155.7250
 55.8140 155.7267
 55.8042 155.7196
 55.7970 155.7147
 55.7844 155.7093
 55.7760 155.6987
 55.7714 155.6758
 55.7735 155.6524
 55.7748 155.6339
 55.7729 155.6218
 55.7660 155.6133
 55.7618 155.6046
 55.7588 155.5901
 55.7646 155.5698
 55.7743 155.5585
 55.7871 155.5544
 55.7985 155.5493
 55.8118 155.5461
 55.8254 155.5513
 55.8392 155.5625
 55.8519 155.5667
 55.8650 155.5650
 55.8798 155.5507
 55.8934 155.5467
 55.9025 155.5458
 55.9105 155.5508
 55.9148 155.5619
 55.9124 155.5757
 55.9124 155.5770
 55.9115 155.5849
 55.9140 155.5806
 NA      NA
