70 12 31.61
71  3 32.42
71  7 32.13
71  9 32.03
71 10 32.52
72  4 32.1
72  6 32.05
72 10 32.61
73  9 31.84
73 10 32.07
73 12 31.72
74  3 31.93
74  6 32.12
74  7 32.13
74 11 31.65
75  1 31.59
75  2 31.46
75  3 31.7
75  4 31.86
75  5 31.72
75  6 32.15
75  9 32.27
75 11 31.48
76  2 31.5
76  4 31.87
76  6 31.87
76  7 31.94
76  9 31.73
76 11 31.57
76 12 31.34
77  3 31.96
77  8 32.45
77 11 31.75
77 11 31.67
78  2 31.63
78  5 31.84
78  7 31.93
78  7 32.13
78  9 32.11
79  2 31.75
79  2 31.59
79  4 31.56
79  5 31.91
79  7 32.06
79  9 31.96
80  6 31.94
80 11 31.61
81  7 32.19
81 11 31.48
81 11 31.47
82  4 32.1
82  5 31.78
82  6 31.91
82  7 32.12
82 11 31.27
82 12 31.39
83  2 31.46
83  4 31.62
83  6 31.583
83  9 32.291
